3182 1306 1972
4401
677
4392
450
3910
2094
287
2030
1867
465
1478
419
1940
4165
2059
3237
3318
1517
4303
2157
2117
2220
4302
2893
1467
2956
231
1816
4885
4467
3127
2060
3416
3542
979
254
2903
2920
3281
3792
3965
4444
2714
1037
4069
2139
1213
518
4330
4074
621
4725
2808
2950
1456
2626
817
457
4752
4512
907
2831
4021
3685
3727
3957
4363
283
1662
3173
3762
3645
4885
2532
1672
2994
548
1775
2549
1694
878
869
93
3985
1294
219
4540
4948
2373
3851
4503
1191
1847
1454
3446
3801
2348
3094
1707
1827
4207
2952
4790
4827
4639
4077
179
2422
3364
3152
1818
25
620
896
771
584
2556
3741
3948
1611
1106
902
276
1851
3609
276
3543
4660
2261
3273
2731
174
282
4621
4165
3563
4634
3173
1664
3617
177
183
3287
51
3291
3380
4273
2880
1588
457
1456
3124
3091
1077
572
4869
4435
658
2359
4446
695
845
796
1339
3326
3547
202
967
303
4212
4405
3583
4235
3014
906
4857
359
4123
4982
3497
3085
3973
4062
676
388
3709
3011
3261
3790
1242
333
2956
1400
4525
79
4838
1978
1778
3490
1309
2625
1170
18
1416
76
698
4826
2629
4546
652
4669
2836
1192
210
2230
3905
4042
2366
839
4877
2722
1951
3544
1703
473
2185
877
4016
4044
1469
284
4147
1356
2120
3727
4058
1814
3924
546
2325
1701
2581
3955
876
1518
3303
2034
1409
505
2794
3721
513
626
221
1896
2160
2311
469
356
1705
4851
4766
402
864
349
1312
856
3427
1927
2875
4221
2006
816
2453
4977
4536
1219
3524
715
322
2244
1827
4456
1975
4771
2589
3719
3933
2351
2716
3094
4776
1500
2000
3150
3248
3676
3970
4697
4794
3893
3187
4200
143
2361
2140
1290
3196
3002
3616
4078
2504
1456
4424
2575
961
2733
228
2439
2505
3143
2589
3298
2766
446
2895
3203
3173
292
84
515
1817
3993
4274
449
2368
2354
4881
1834
4349
2271
2879
4063
3219
3164
4636
4484
2851
3542
235
2062
3958
616
4651
2549
3418
1304
2791
4052
1990
2315
293
1309
3769
692
1943
4589
4979
2912
1675
408
801
2597
2861
4132
1043
4881
697
74
2092
4382
3010
3081
2962
1884
4692
4672
4618
3030
4093
2264
3504
3373
3078
1055
708
3772
4912
2795
1614
3703
3408
2504
1438
4641
2805
1662
4835
1183
2953
1207
4201
4121
724
2924
3833
2924
2249
4197
1978
2917
4205
2669
2433
2039
2849
297
3078
3193
3517
715
3926
1934
1555
2811
3054
2512
4427
483
4897
4599
2541
1577
2953
1025
2277
211
4464
3245
704
1659
3460
4327
526
2776
2074
2902
4251
2955
1691
931
3619
2573
1012
3258
379
923
4322
1183
3225
251
1019
2216
1823
1594
3925
3708
2581
2655
1424
1865
573
3443
4367
2702
664
92
1688
2387
1770
1721
2400
1350
4129
549
4423
1275
4224
4033
4672
1472
4326
529
1420
4625
1485
398
1727
2262
3402
4772
387
1684
3605
2093
2327
820
992
4875
1056
1693
1836
4635
1402
282
1964
2146
2469
454
1726
4021
2384
1258
2386
2873
1608
2850
4580
1660
4605
1643
3714
103
1365
4068
4110
1810
4170
1580
3380
2276
2230
186
2472
4246
1066
3615
866
259
1298
1670
4610
3836
4713
672
1218
2961
1151
757
2481
674
1357
2520
3135
3640
4533
2721
4880
3163
4879
2688
2038
235
1062
1957
2609
3595
3058
922
463
1478
4672
433
3628
2937
941
2399
743
586
3998
619
1254
4078
19
2083
483
4475
3500
501
93
951
2838
3712
3218
1679
4488
2362
724
2575
3336
3324
1377
3655
2779
4472
2828
2314
3446
2670
1371
3622
3948
4188
2249
1409
1548
2079
2534
4790
1300
2971
2564
964
4434
3524
1214
3418
1526
2479
2976
4689
1773
3281
1279
2653
3991
3935
1630
3954
269
994
2905
2795
3303
950
3968
1162
2055
4012
4581
946
3421
4742
3640
2466
4901
4661
4451
256
3627
3945
3291
3397
2736
3105
378
4016
101
1727
2848
2620
2764
843
4494
2194
3631
4945
814
2131
3167
4175
3526
1800
4516
3474
2720
1401
2360
2726
2652
4181
4176
1731
2276
4873
1439
3016
1115
2402
1396
1075
743
207
4554
544
3980
2671
4206
3879
4244
1446
3020
2045
4081
3132
3169
3096
1673
565
4025
2946
4781
4755
1012
4473
1306
4038
3727
1017
3865
1590
1794
1113
1623
2716
91
4965
3909
4231
4118
2347
1036
4302
3205
4406
3439
1132
3987
2826
3103
3983
3728
1682
1041
58
2940
2367
1012
2200
4690
4852
1191
322
4154
17
2869
3747
4481
2506
55
838
2330
865
3770
2825
964
2904
572
2108
3007
629
899
2008
4707
4077
4904
4449
3379
4611
4620
2901
995
3785
2116
1839
3044
4087
3943
3360
4906
380
2163
4747
1045
190
1842
2713
4166
2761
833
1626
823
431
917
320
4733
2493
4827
592
4718
236
4195
2410
3239
1346
182
4227
44
4095
1031
4427
3720
1098
863
2192
2489
2063
1633
4743
914
1379
2811
4053
330
1105
1980
2893
2007
3195
816
4800
907
795
609
2313
1327
4733
4274
1091
872
4327
2390
2253
227
3195
1944
1188
790
3349
3267
2151
532
382
2923
4141
1696
1343
737
2999
2121
3506
233
4855
839
957
158
1566
3841
1445
38
1378
1868
1986
851
4202
3145
1159
331
326
2470
333
4523
3157
2382
1069
1489
2248
656
3236
4960
3307
4286
1616
3176
1900
1524
2821
4015
1305
1793
444
1204
461
1017
884
2142
535
3215
480
3429
1956
1444
4223
3254
1086
1502
3841
3317
837
303
2623
1751
4694
1834
3182
416
4026
3198
3739
3026
2134
3580
395
2071
617
2226
1819
3337
4193
46
2182
2177
2643
4725
3360
2586
230
547
213
2940
1138
3492
3548
335
664
1882
1617
1577
3641
1046
3400
1178
746
224
1255
632
1568
4741
3550
4960
3532
4188
493
1932
1708
3797
466
191
393
4324
3533
4293
2975
3836
3882
4795
4414
2417
4087
767
4117
3358
4224
3998
2241
3989
2169
2398
4596
4640
899
3980
4214
927
1502
2224
985
4005
255
3841
3672
391
1371
401
2089
459
2552
1396
566
1345
3553
3367
2435
2638
2247
1870
572
642
1679
1579
3189
197
2198
2857
4789
1023
267
2603
304
2001
2532
4506
3441
4611
4550
2855
3925
3299
4762
119
149
4839
1309
1074
4991
1564
522
769
526
4308
3744
1905
4180
4951
4324
229
558
2933
3781
1987
3143
342
4731
4417
2737
1325
1992
50
618
4943
2291
3692
4728
2862
1071
949
4062
1347
1432
3156
248
4637
4389
4718
3295
364
4141
3891
3947
2679
2194
4999
3080
1642
361
4696
3347
1319
3847
2062
3089
990
1751
1912
2601
4708
1218
1268
1847
4134
3812
3617
4913
3541
2987
30
840
4842
774
2770
3867
3895
1473
1098
3602
3080
3190
4323
3219
2248
3580
3049
654
818
3091
1330
835
2754
2088
3104
3854
4103
2185
861
4764
4294
794
4949
2190
1950
4595
4697
4337
1060
222
616
1075
1053
1479
1644
3223
1274
4814
108
1465
2909
1795
2349
4712
2609
4344
3126
3737
706
1680
299
1852
2889
4928
4027
265
1379
1573
369
1110
3547
4141
851
620
4283
135
2319
318
1200
1259
2604
2955
722
922
4616
3606
2771
3058
3825
678
2742
2408
2328
2052
4882
2633
2500
636
3468
1686
1109
3871
4480
4660
3159
1248
1279
1802
3118
2985
1835
4808
990
2463
4311
2437
4330
559
4644
1242
4654
2046
2105
1630
3513
2135
4212
4750
415
1424
1180
138
3653
2738
2527
3623
1337
989
2028
3284
2735
2271
959
4893
82
4849
4419
2288
2255
158
4957
4149
2657
4420
2594
230
2983
4845
498
3
671
789
4349
1797
3475
1754
894
1470
2327
499
98
4486
538
3041
1729
3536
422
3745
2668
1730
4533
4396
1935
753
930
2928
3612
643
3762
4869
699
1004
3819
944
4743
40
2859
1937
2271
1507
3466
2710
1800
2323
2942
742
4422
2605
4379
553
130
180
3962
2997
3305
3350
4731
2146
1465
3108
3471
3065
4127
949
1646
1428
2607
4534
740
495
4938
1088
4322
1408
3444
3351
1967
3631
3397
1551
994
4441
2503
2397
321
2989
3647
4407
2767
3076
1346
877
1703
2453
786
4259
200
1200
3492
1893
1521
416
1721
369
2013
1354
3820
1887
1790
4421
3447
3462
134
4092
1153
861
2538
257
3162
1648
2434
2562
3079
4543
3075
2027
1935
4047
2339
1383
2145
629
4794
509
2953
1841
3152
1842
4580
566
1832
4683
1973
4566
1227
2744
3668
3021
1895
3280
2466
2522
2356
4979
979
4880
2111
192
3197
36
2871
1080
404
4034
263
227
438
3454
140
370
1808
1000
854
3891
3108
1879
1628
1090
2465
1248
2171
2422
4837
2066
363
3327
3989
2086
3317
67
3272
3473
1499
2952
698
1349
436
1418
2837
3459
4962
4077
403
1823
3519
1887
1988
4635
407
4266
2779
1124
363
3090
325
3922
4132
3043
2569
2815
4114
4942
2205
3748
2213
2921
1581
1438
1667
2136
625
332
896
4304
3701
1692
4558
767
973
972
274
1107
1678
2498
1171
3443
4905
2455
947
3619
220
3489
760
3194
2107
2800
2095
23
1721
4842
1573
2211
1531
2877
670
448
815
1614
2778
4620
2761
1531
4273
2342
154
1174
1333
3651
4498
4527
274
4551
4751
2793
1607
3174
2891
318
298
4113
354
2423
4399
3016
2978
1397
777
1194
1677
4626
2166
3386
4188
4070
482
4616
1371
1008
1774
18
3059
875
353
1065
1962
1012
3625
2016
3051
1443
576
3674
460
2136
3994
2536
1786
3577
877
74
626
526
720
330
2177
650
651
1191
4451
2939
4499
4119
2276
4792
2511
3552
4118
2776
1550
3897
4764
4902
3187
1833
446
3779
1930
1510
4623
2960
1112
353
1215
2144
2711
2761
180
1868
3610
1356
282
2727
3943
790
3233
3457
158
2350
2233
2095
1283
4866
4473
4495
2280
3441
2986
414
2198
1299
2843
1055
514
4076
46
3002
3957
4907
1815
1651
4255
1991
3095
1723
1342
2097
805
4258
3258
2824
4563
4497
1042
1974
4595
438
723
3518
4071
4241
3454
3455
1078
3660
4645
2323
4477
3866
1918
4289
2493
2123
2791
2010
1034
1372
1710
919
852
1355
3142
3098
1911
2744
1765
3502
672
528
2592
845
25
2134
3683
809
1977
4150
3047
151
3344
3680
3766
3482
1921
1376
4447
2222
493
4773
4506
1092
3165
2669
3832
3055
1740
2884
706
537
2355
2732
4881
2838
101
3731
4222
4946
2669
1337
4519
4053
3198
1964
4700
1414
1600
1008
957
1178
3666
2238
2897
2530
2734
2004
1923
1331
2344
4099
622
2656
3998
4390
27
2206
627
2296
1229
3149
535
2716
1201
1478
2773
246
728
4236
3155
4675
4455
3623
2707
4831
979
871
101
3144
2343
4026
4511
2574
2283
4078
1201
3760
2583
1572
2844
33
3206
532
2889
3588
1544
1488
4711
4016
835
1539
1345
2093
1893
2038
3110
2176
4003
1603
1432
944
4636
3368
4252
421
3533
1520
4746
1138
2413
90
3143
3294
1107
4410
4719
2839
762
3053
3460
1836
2832
3826
4701
1060
1820
22
2471
1302
4077
3065
3276
2803
3198
4236
514
3397
1338
2336
480
1744
4278
4999
1256
4470
4077
1884
3757
196
4172
319
761
4274
2108
2893
2138
4479
814
3098
801
2544
3087
1161
824
4907
1266
2311
4124
4544
532
4690
3066
3938
4324
4317
695
2882
3052
2941
1832
3349
3
2577
2515
130
4128
3140
3178
2093
1760
609
2003
4912
1913
3434
4579
4004
1900
1836
1892
4529
4744
4954
2315
1094
672
1591
4322
3120
3769
3598
2517
3691
3555
687
4169
74
3470
789
733
252
1951
783
1528
2611
526
4610
2781
2231
2935
4952
386
3597
1685
1925
808
4914
578
275
3713
3813
579
4282
4109
1561
1739
4495
1402
1973
3680
2128
4388
407
3864
4776
1085
2195
2360
1211
3102
4418
940
465
3075
4961
4267
993
2431
4558
1331
3111
2024
2178
3746
5000
1979
4783
3241
160
472
240
4714
995
1067
4695
3021
633
2501
4574
758
856
1243
4194
636
2553
2603
1227
133
300
282
918
4562
4131
2717
1921
898
2307
3428
4808
1646
1819
2718
4175
1747
1612
3089
1535
4326
4027
431
2472
1608
2566
2699
3723
4851
3924
61
3608
3045
711
476
3099
3411
3340
1820
1818
1057
2617
106
3314
4730
1002
313
2287
329
3895
3812
37
928
526
2297
4993
190
4286
995
170
643
1086
4671
431
4719
1250
323
4480
2877
4744
1314
4437
4501
92
4058
3787
1466
1522
4918
1021
1509
2180
2480
1371
1412
3586
4064
755
3684
4441
797
4051
1280
1727
2878
3737
4806
4450
2615
417
4182
2588
2895
4590
1368
3484
1151
385
1564
423
4731
1211
1182
2951
4397
3085
1578
707
2898
4185
3697
614
3117
718
2004
4796
826
1769
3120
2599
2026
180
3276
3149
3637
3304
549
2652
4991
3934
3958
1414
250
3752
3336
4336
3077
3535
1525
1575
1909
23
4774
3274
3031
3797
1248
1181
3097
3508
3009
773
3727
2764
4540
305
3974
2137
4084
4234
1097
2945
740
3218
4890
4080
3132
3800
1517
4376
1642
2695
407
907
4682
3665
1452
1063
4194
1586
27
1027
198
4858
3560
4560
3709
3525
1292
62
3095
234
4442
1912
4950
4594
1610
3779
1600
3953
3285
4715
2460
264
739
639
2775
979
832
2041
135
2068
1053
2462
4040
120
1293
2009
2557
1571
149
3696
2567
3235
4714
2521
2021
4886
4323
2108
4086
4151
2691
61
3376
3515
3063
4311
3407
2660
4414
122
4154
1873
1709
1086
3603
4387
35
4067
2375
2623
901
4524
4463
2548
4875
1774
4935
3392
2565
4281
2238
3001
4550
1963
2625
84
608
4825
260
4425
1627
798
2667
571
3987
3037
4733
2259
4839
3940
2267
623
374
4947
2177
1728
2784
4799
1864
1186
2757
427
2235
3021
3589
3752
4659
4856
2136
3384
1283
4320
4580
487
4545
2808
3950
1459
2374
4352
2703
4242
368
3030
4854
2594
4863
819
531
1799
4125
2971
2547
4582
1219
907
2217
1039
362
3214
3988
4868
1243
4333
1214
1810
4771
3781
1110
1219
3024
1133
168
501
2923
46
1787
1134
284
4731
950
2672
2454
3234
4241
3842
3356
1848
3504
3916
4719
2029
1942
1138
4464
2568
1066
3989
1743
513
384
4821
3571
1283
2854
1574
4138
4292
2390
2942
1182
4472
2217
3456
3697
2566
4018
4158
123
491
1390
4854
492
3057
528
3739
1771
2583
3600
3196
159
1246
2417
1003
4420
2280
953
1669
2738
1877
1743
1289
3769
1881
153
1225
288
3249
4176
3376
4054
732
2002
1174
4910
1682
4797
3748
4411
2751
3517
1329
648
3630
4726
336
187
1687
587
1340
2333
2418
1921
4925
4107
4619
4875
4405
1323
1082
3873
1008
746
4113
3868
1367
1235
4426
2173
4519
1966
495
4247
3629
520
3174
2074
2694
4102
181
1103
729
4860
3643
1858
3931
2424
2768
849
4974
1627
1070
2521
2842
4922
2643
2669
3852
2505
669
1730
1890
2726
2053
3154
3016
1298
1878
4098
2033
3542
760
807
4757
4980
2221
692
868
2334
4819
2113
3811
2899
4743
3162
533
537
1284
3453
46
1490
2387
4882
4376
2293
2715
3443
3980
2816
2449
1780
2124
304
2228
2808
3097
2956
895
3602
2973
2616
4574
1711
3262
2027
3749
2045
4756
4601
4134
568
4611
4793
2216
1447
4037
845
4685
3036
3938
2122
1354
4256
1319
4690
4616
2891
1210
448
478
4783
3934
2397
2596
2689
3772
2555
3809
3201
614
4116
4868
1675
1026
3808
4557
3745
1995
1767
2215
4494
1448
4742
638
991
3092
3504
2465
262
2095
2960
476
3776
1110
202
217
203
1343
1486
4921
3564
3021
1469
1803
4707
3827
2508
191
2729
1642
3001
3587
4104
4964
157
1167
178
3690
981
4386
3914
4717
4865
1493
1947
2239
145
1258
858
2997
3865
693
1731
3733
1962
2158
1506
3486
1060
1144
3537
4574
4254
3969
3022
3252
435
1139
1736
1887
1247
2438
2970
3735
3152
4107
4160
1647
2372
1230
2161
3981
162
3382
499
2273
282
2788
759
591
3407
1883
3990
177
4452
1572
3578
2746
333
237
2690
3364
108
2850
2123
3657
4529
4184
3037
3586
2727
2794
2350
1636
2669
68
3892
66
858
1394
460
1294
3753
3869
2817
3388
3765
1657
3179
4350
3845
1717
4834
1146
3693
304
2274
905
17
2497
1663
1470
4767
4038
3856
4066
163
2276
723
2749
246
298
671
3278
3671
1180
4195
4217
1810
1081
4735
3862
3983
2268
2520
107
3482
2618
4136
4290
293
4724
3046
3983
1888
4182
2413
2349
2167
1859
4135
2897
53
3278
2578
4851
2617
1545
3102
4834
3289
1769
298
912
4393
1256
2913
285
721
4712
4626
1027
954
2384
4662
2274
2563
3508
2832
105
4209
3854
3388
483
702
3321
2330
2873
928
3965
24
4378
2390
1615
1482
993
4797
291
478
4052
1940
3800
1791
265
4377
622
573
3874
4537
519
545
1194
382
3098
2507
3188
1811
1524
1698
177
4809
2048
3553
3692
2510
4743
2352
2562
589
3283
2374
4988
2015
2317
1079
1832
1111
2866
846
925
3666
3306
4172
1055
2738
3602
3903
3467
1547
4558
4335
1606
2577
4833
3843
3999
4980
3667
2425
4575
1415
1611
4556
4734
3394
4393
4119
1424
147
3577
2136
2340
2325
4204
291
2475
599
4431
4719
3146
601
4629
1692
1658
2953
4608
1397
3419
1327
3972
1564
1993
910
4201
1251
1147
4611
3863
4685
4140
2056
236
4935
1957
3146
4634
1260
4684
757
4648
532
2830
1939
356
2518
974
3084
4170
4193
943
194
1044
3159
954
2635
2382
1476
4464
2648
4644
3625
2370
3075
512
2596
4393
2092
3543
2221
3064
890
203
1673
3455
2493
1827
957
3309
3055
3221
1726
784
2327
3021
1779
3839
2337
3544
839
1587
3482
3990
1005
2816
564
309
2133
204
2308
2244
2596
1931
2358
1810
2777
1589
4408
3502
2305
70
4272
1721
948
4391
3806
4316
1811
2801
196
2662
4556
4490
510
4596
1635
2213
1606
2678
1380
2078
2793
159
4078
3570
1441
4981
2916
2951
328
2814
4727
1528
1032
1388
288
1535
534
2940
1326
931
1918
3141
1348
3023
2773
3885
139
934
4946
2976
1737
2841
2662
4986
425
1308
1834
635
3767
933
3970
1517
4245
2769
1719
2983
531
2460
2046
711
668
4031
2871
3971
4611
4813
3033
176
4119
3696
1654
