4978 3540 2758
4714
67
56
1691
3195
4126
4124
1755
4326
4227
3284
1208
4157
1159
2696
1054
2338
2750
1862
1787
308
2191
2932
3062
4392
3836
4966
3523
3000
4052
14
2491
4696
4494
305
2951
4350
4752
4256
337
2376
1011
3053
1179
4528
1546
3028
2641
3333
2172
1259
4081
1912
2805
1107
732
750
247
2211
2920
514
1181
340
718
460
246
1293
3766
2628
3065
648
2140
4784
233
4316
2917
4727
2643
345
658
454
3960
622
1596
781
1276
2524
2975
935
3243
2893
4842
548
1479
4686
872
4171
3100
4438
4922
1349
2553
3147
2802
3399
111
3931
4984
4814
2633
198
4144
3686
466
2493
3945
3776
4788
637
2545
68
629
4024
2146
4524
1760
1982
2737
4887
3175
234
1328
4736
3134
2388
2119
3726
632
2663
1938
2529
1953
733
4373
4705
2490
2575
4857
4093
1065
535
3682
253
2518
2959
4145
1397
4076
3983
555
4891
2511
3208
2803
3906
2466
577
3368
1273
4215
1029
2496
1564
993
2938
644
2307
3957
1310
1098
4736
322
2684
3158
3422
963
2258
869
4870
2646
4708
3172
344
4399
2350
3034
2914
3273
4512
2777
2943
4554
732
3041
155
1622
184
2028
1909
4639
278
1227
1594
3368
2635
1036
1177
4794
4308
1278
784
2000
2479
802
4178
64
4745
1044
515
2644
4295
2541
3830
86
3806
3149
867
4379
3849
4968
4987
589
745
192
4941
869
2951
1269
4108
3344
3413
3478
1461
2354
4632
3383
152
3629
1123
1164
4184
4806
3384
4598
1591
3001
4908
4349
2373
1984
1478
1992
1308
1343
2073
1645
537
3583
2066
2934
2857
820
2546
3139
523
1455
3014
3724
1081
4655
4600
1693
4314
2204
2785
3981
2258
535
1528
4887
749
838
2787
217
4748
4114
1594
95
4269
3003
88
3165
4687
1198
2732
1857
4547
3402
1612
2528
25
4577
1223
1125
3162
436
1551
3349
3378
2117
2895
1241
2796
4307
36
1074
4632
4440
3310
3161
2663
1064
4383
1547
2642
3980
393
4037
2010
2050
4229
1097
275
4135
1416
4948
1149
1703
105
1943
202
1736
4668
4563
1663
3047
2343
636
4921
1456
245
2032
1919
1527
2627
4959
2336
4448
4675
493
3148
2421
3383
4705
656
51
4979
4413
4974
3318
687
1626
3990
3645
3380
1122
2196
413
1090
444
718
4126
4557
3533
822
2420
1663
1222
2111
3918
2858
4772
17
3053
3512
3691
2659
718
1606
2324
3923
1642
197
2618
1930
3459
2521
3659
512
3528
2037
1332
2279
2633
2126
4333
3010
2241
4796
4445
2023
4851
2048
3305
2547
3880
690
1819
444
2465
1874
2577
1139
3767
1385
2325
766
3275
2689
3089
2959
2943
2225
3111
870
4560
3258
2974
514
3923
4027
4160
271
1440
4944
3651
4223
2916
3619
2733
3829
1185
4367
3376
91
1744
1125
2774
4666
3558
2448
4345
3717
4331
3354
4706
180
3318
2275
4428
823
1569
2738
2429
2892
327
1768
3828
321
2749
156
3975
2744
3705
3916
2422
4309
3315
3216
568
2528
3979
552
1326
274
936
2912
2566
3370
995
4
3448
3694
731
2811
4344
1092
4697
2430
67
2367
1867
950
2023
1557
1534
846
4271
2309
2284
710
3981
4204
918
4241
856
1806
1139
625
2970
4702
3111
1720
1630
2907
3771
1261
4416
819
732
3068
4200
514
2286
3047
3982
3154
3847
3084
4669
1118
3937
801
2521
3444
2142
735
2082
3480
583
4991
1298
1122
3099
807
122
320
3944
4674
855
1216
2667
3269
2215
3654
869
4014
3264
2821
793
3274
2110
2978
479
4984
4774
1786
764
4778
2097
854
3610
1268
2070
4631
874
1810
3811
4290
2545
1871
124
4363
4274
1354
4716
2417
1598
3907
2847
47
4023
3874
1826
1971
913
2976
2866
554
2838
266
4356
4656
2150
4980
2913
1412
1974
4896
2341
509
4242
4410
4515
1968
2375
1294
2632
2308
1329
2744
3692
4161
4201
1567
3078
3561
482
4370
4071
636
4629
4259
4201
3105
767
1008
458
2681
664
3583
3243
634
1094
3446
3258
2977
1117
4607
1864
1554
3768
786
233
2646
4460
2963
2970
3506
4739
1106
4772
1130
4208
1869
492
3617
268
1843
712
4554
4023
3481
701
1111
1866
391
1952
3769
4167
3717
127
2366
1414
479
2114
2521
3496
1362
1067
4509
2825
1835
2320
538
1803
3824
462
2211
2866
4692
2586
1753
3550
2599
202
3005
764
4511
4126
3460
991
1139
1327
467
3041
3555
4834
4236
98
2780
645
108
1090
681
2254
244
2316
4114
2777
4559
3575
1342
4859
1272
929
4214
2333
2157
3414
3295
3206
4161
2061
4102
4479
3196
4613
2028
2662
756
1177
2809
658
3878
1521
500
3085
1
1316
125
4159
912
3909
1228
3137
1435
1508
2912
4285
1195
424
372
2608
2570
2268
4110
4798
2702
4917
1465
4972
4902
1544
3566
4905
4320
2797
665
774
3023
1663
2030
4927
4982
3957
4455
3720
1946
4693
3380
1059
4878
1852
1980
917
3423
510
2868
996
1066
276
3129
2313
3227
835
2997
4686
3309
4885
4633
4449
2492
475
483
4288
2407
670
4916
4474
2708
4398
3326
277
1609
1142
2829
4000
3737
68
2126
4934
2911
3318
4412
2064
4811
4269
497
520
4022
1321
4527
1321
3054
79
4533
4939
1429
3136
4511
897
3354
3392
4218
2868
2089
2410
1849
1016
2175
4141
3581
1449
4042
1269
1654
1964
4724
3526
2997
4054
3337
3634
4613
2064
3080
1818
2869
909
626
198
1866
1990
2257
4229
3891
1307
1468
3990
292
3764
1494
2196
4859
3929
4977
852
2530
1420
1689
3267
3385
3041
2138
1498
4489
4672
1339
2177
4145
1926
4568
856
299
927
4096
2069
3613
987
4885
4441
153
2086
4574
2293
4759
3792
4814
1718
1263
4410
907
3261
4354
1057
1289
4425
2532
115
1770
2760
3367
4734
2060
1017
1491
2001
3766
1928
59
3392
1687
4219
167
4556
981
3980
2721
1284
125
2197
441
3789
833
4076
2793
2307
718
2760
675
1875
3549
668
141
2384
982
1377
3432
4754
3128
862
4261
3072
3106
427
4184
937
100
2577
1219
2798
663
2408
3777
1154
630
4536
3085
3386
3003
3534
3382
4993
1239
1678
56
227
690
1975
4849
10
2384
2361
3192
3526
3445
3728
3911
1368
2808
4065
2171
2225
4912
2646
3025
1805
415
3187
1828
4780
4706
1377
39
3636
216
517
1138
975
3296
230
2920
782
3549
913
3285
1197
2341
2808
2498
3499
1465
3466
3459
2834
1541
2036
3872
575
2898
4542
2815
1665
3855
952
3096
1976
1038
4430
1775
893
777
221
4147
828
1728
735
4816
3997
3685
4893
1466
1323
2024
1730
2081
3527
2085
3189
1620
3948
1567
3015
722
2507
3211
2828
661
2017
4570
1484
4444
2077
1385
1946
3248
3675
4925
474
2735
4731
150
4990
4204
72
4864
3458
511
118
2843
4932
4701
4081
600
3899
1689
2659
4317
4909
2582
4787
2853
1384
1821
288
917
3831
4675
3201
3110
1909
540
1733
3317
2044
3698
4960
1960
3397
980
243
1289
1580
478
4420
3776
1697
4207
1611
2846
2346
2503
1284
4475
3552
3983
1632
1028
3979
1897
5
299
4687
4383
2140
981
3211
3763
2822
933
3582
1574
1199
4753
303
4896
3664
910
719
3394
654
4758
75
3354
4861
4690
2420
1626
2034
281
3964
3634
1197
2620
2198
1652
4753
197
2205
3257
751
2429
4710
1301
1514
2418
3854
4529
4255
433
1851
3211
1241
385
339
1171
2570
2088
3049
2029
1688
3719
1166
2009
4910
4641
4029
284
4024
1949
4812
1003
291
3493
540
745
4595
3892
3400
1767
1645
3971
3882
2697
3846
2857
3293
1087
3913
2317
78
384
1761
2257
2395
4138
529
4778
1953
4885
3515
4940
2848
1442
4150
1969
2096
2257
3257
999
3138
506
542
2440
3579
4728
3229
2300
203
1885
1180
1244
2206
4540
4337
250
1927
2237
4151
533
743
1522
3373
318
711
4947
122
4641
4945
2070
1754
4045
2606
968
4600
4086
4130
3983
1846
1157
3796
3574
4671
4585
1323
3962
3419
128
3017
3138
3733
3012
3463
2237
333
84
3551
83
793
1792
1559
4537
3744
4732
1256
3247
4169
833
2470
4535
1863
1310
3207
4651
736
4788
4683
2539
2061
4262
3091
4733
381
3239
4462
3312
1229
1928
1839
2914
4419
4534
3027
1512
4798
4528
3088
1750
3068
2397
3048
3923
1987
2456
1712
513
2320
4141
2387
1159
2241
2823
1536
4228
1925
2858
4057
1494
2721
4971
1773
1881
1470
4616
40
103
2651
790
399
639
2803
4000
1248
1993
92
3507
2085
3341
105
1458
3547
4265
3768
1464
2870
1490
3689
3530
895
4097
3142
348
871
4559
3980
1000
585
4705
4297
1752
2679
3473
1325
2600
3882
481
4290
4009
1522
4987
1992
1498
1270
1991
1144
1061
1691
1809
1307
1644
3332
4876
2410
423
4028
3208
4460
2701
3835
4070
1079
1935
2591
1478
3400
4875
1817
1401
4181
5
805
3950
1237
3182
4943
3738
2239
3911
2727
4304
2746
2715
4829
2585
4550
944
133
1494
858
1468
3894
3694
4126
4302
1533
4757
365
817
4015
3293
3966
422
2481
4572
1684
3357
998
4765
1387
2925
1907
4519
1523
2355
4919
3356
4844
3780
1190
1561
570
1677
3898
4777
1182
261
4825
4268
1795
1046
660
1196
2863
1745
438
1088
4120
124
1672
1549
1865
922
2356
1665
2430
2473
3843
1856
1196
4041
4781
4295
4934
1097
4483
4133
544
827
4454
12
1027
3485
4149
3283
2290
828
2019
4949
3755
4890
728
3569
1773
680
3910
643
68
1013
2399
2087
2893
4850
2694
3834
4283
4999
1524
605
2862
3803
4749
1234
1844
1595
2228
2023
190
686
1749
4060
2881
4368
1874
2060
3143
1739
2983
1387
2185
1769
4225
506
205
2743
3719
2602
1291
2482
57
2540
1807
3891
294
3824
2546
2228
524
818
3264
3441
1848
3019
3918
2257
2489
3010
190
2970
1971
3445
416
2476
3393
3585
4371
4696
2438
2431
436
2731
2321
3446
1442
4155
811
4472
2351
976
731
4936
1282
1928
4800
144
1951
4418
1760
3166
3975
3255
1317
2867
3180
1400
2122
3910
4473
4730
3252
2794
3141
4917
1011
2105
2204
3586
1465
1086
2754
1110
2123
1382
1877
1595
4122
96
2549
735
3670
3816
229
784
2279
872
2232
3999
1401
1906
2790
703
2197
3321
877
2560
2119
1438
2674
2485
1005
1371
390
1855
4032
1852
1749
3250
1347
2047
4062
872
547
4717
1106
1839
2206
4151
186
3814
4257
1073
264
2664
370
3824
1822
2598
2442
411
4285
1912
3051
4393
955
3794
3156
1282
1300
808
752
160
2346
2664
534
4675
1283
3383
1787
2843
1334
415
4365
867
1985
1952
4397
1016
2002
823
4481
3045
2930
170
3294
2457
1178
4633
775
4856
4634
2320
1097
4800
1705
2860
4570
1313
650
2036
1232
3122
3693
4344
2877
3901
3747
2323
4943
4470
2552
4461
3571
2614
4394
178
2476
245
3284
2141
1905
2413
2992
2956
2779
4007
4301
1319
2003
129
328
2722
2492
3273
1713
2665
1746
4894
1574
2667
2149
3028
2408
1264
566
494
4360
2242
1259
1851
3634
517
4975
1574
593
3153
4560
4390
1527
4091
1121
4063
959
2876
1662
3327
4558
1063
4220
1910
1298
4899
2346
1194
616
2556
1331
3620
1441
271
4005
730
40
2294
3846
547
1088
3239
691
1066
1491
3156
3866
3088
4902
3166
1411
2128
2292
385
1904
2524
3034
3002
711
4109
4087
3722
506
4207
3823
799
3100
1928
2364
4721
2997
4268
1022
1595
150
3768
131
3874
4636
4289
4328
3410
1143
1039
4141
2544
4940
425
1153
4014
4194
4799
4339
2213
4386
1454
1180
4273
3894
3079
4367
1604
2095
285
2313
2433
4693
1557
2983
4218
4721
2770
727
3395
2771
2948
3138
995
3768
3902
2905
108
1756
251
2444
4991
2403
4971
16
2378
3731
1392
151
4752
4447
3171
3813
4150
371
3007
760
312
2120
4802
3731
795
3873
3225
1324
1143
2304
175
2095
3389
4031
2825
4737
995
4477
4046
4699
4143
4369
52
4083
2548
3438
2064
3587
3720
2032
3256
138
2606
253
4143
747
2725
3834
1645
4829
1324
2559
1752
3513
1363
7
1665
4577
2038
619
1706
555
2936
3238
2426
4499
2081
942
1140
3475
3020
3108
942
1948
4965
1353
3442
419
4742
32
3097
3555
644
449
3345
1155
4632
2337
476
2809
1629
4070
4943
746
4557
4464
354
1086
2778
1445
1577
536
4518
4682
1005
132
2151
1018
97
2758
3099
1803
2112
1626
3638
97
3162
635
1143
3490
845
4181
4424
4470
2092
4019
2565
3236
1897
2153
2534
3479
1688
2313
3529
4255
2195
2607
2203
1585
3295
4300
2106
1042
139
75
1093
3754
1190
577
2990
1036
2304
4745
2196
2778
248
2535
3630
1211
1323
3201
3533
3636
1512
4439
1677
4947
1406
4931
4080
4209
1404
1080
1896
1205
2664
1961
3587
3971
2529
4323
2282
3054
2041
406
4954
4798
1905
4273
3602
295
1796
1022
983
1473
3925
546
859
4371
1095
1716
2782
359
4767
1082
4806
3026
440
968
3747
4317
19
475
2913
4866
3253
2270
2543
2102
764
1905
2580
1077
196
865
185
3905
4279
3286
3844
67
4822
4122
331
4441
1692
3704
3459
4760
1350
1954
2511
3831
414
4734
3089
4195
3100
4565
3006
1438
1766
3143
1625
2882
2801
3228
3727
2596
2862
1566
2068
869
2102
1187
1373
1153
951
2469
263
766
1485
3727
2693
3247
72
1666
3280
1300
450
2302
2082
4964
115
2569
691
4624
4390
2069
4544
1372
1532
2399
134
2480
2802
4637
2389
2578
394
2277
4881
341
3849
800
3067
4957
3843
711
2654
1165
745
899
2832
2472
3727
272
4472
1516
1482
4080
4295
2781
4086
742
4812
779
4206
4852
4746
2698
3343
1361
3611
2005
3430
1025
4945
2810
4859
4409
979
3976
4815
4326
4511
1169
4325
2185
3774
522
3274
1765
575
4929
2979
1552
3064
3376
2868
2104
4753
3630
111
3797
2847
3553
4196
1729
2434
2927
3160
844
4839
3530
636
360
1413
1206
1293
4042
3364
568
709
2460
4765
3822
3080
326
1886
75
4498
4085
1825
2986
1706
2612
760
422
1728
1004
583
2398
1266
2144
4191
1263
4241
665
3279
4866
4094
339
2229
4984
2973
4194
636
1127
2079
4052
4303
2692
4185
4122
1243
4410
2033
914
1934
4379
4622
4147
4921
4424
3476
1208
2572
3095
4148
232
1157
4996
172
3949
3047
2748
4906
2345
4860
1020
4130
2244
4990
4636
10
4865
486
3097
1729
2795
2568
7
1680
2030
3148
578
575
1540
3718
1938
4214
3212
3944
4310
1891
4651
2293
3048
949
4767
3807
1201
4195
2604
2913
4660
4036
4340
2684
2657
292
1659
1138
2318
2805
2745
3987
3292
3233
1745
553
2776
3347
4590
1803
4509
3573
4919
3322
2114
4068
2642
3704
4069
4151
1973
3435
1520
4509
4303
1626
687
4767
1645
3385
4544
1883
2878
2113
2153
777
2190
4214
167
2598
3451
1458
2826
2711
1785
4989
1049
272
4614
2029
2639
3373
4600
4965
297
4322
576
3317
4138
1981
3304
4667
768
476
4733
3569
3869
1649
2497
3920
2252
1539
2239
1968
3440
373
1799
57
3883
396
4359
3094
1527
4940
3000
4418
2016
2236
4922
2177
3216
2114
2721
4638
2013
544
843
2405
1393
3623
280
3546
2757
2033
3888
894
2845
1102
2640
1851
1940
2407
1570
730
1366
4861
953
1913
3560
3636
2013
2033
130
2681
3578
4796
2928
1581
1109
3368
1933
4670
2105
4124
455
3457
4146
1804
4426
3812
462
1748
2270
2025
3929
3140
2878
1279
2395
1783
100
3006
2894
2442
3802
2018
4269
913
2485
3822
4491
914
4922
2542
2967
1376
2267
2810
4928
1166
4940
2495
2012
3782
4671
4151
1174
635
4748
4709
4268
3243
4575
2062
1200
819
3618
4185
4506
3212
886
2506
1910
2709
1054
4836
1740
1252
1215
2581
3484
2329
4119
2854
638
3447
3685
4232
2933
740
3169
2027
2857
3575
4816
1198
4992
1034
3113
1521
1052
1162
4941
575
1225
822
2810
254
844
4972
2963
3787
4711
2183
709
549
1953
4685
4591
4940
877
4666
3586
4585
3274
1540
4627
4413
2602
406
2181
2678
969
1146
1842
1264
4068
976
2055
2492
4284
4195
2721
1588
3185
3113
4048
3105
4378
282
3635
2166
4361
2589
2791
2592
1318
2295
2526
2929
1628
1643
3623
3866
1701
4440
396
1609
1881
1363
97
3262
4313
3929
4086
11
4826
2558
742
817
4465
2865
133
2857
3556
861
2422
2430
1806
3591
2644
2917
713
994
1797
4499
611
1348
4813
954
1646
1615
522
3651
1635
2761
3610
3479
422
3359
2461
2430
3315
1109
2323
4233
71
1457
1880
4332
3569
4712
2904
4586
1949
4153
2646
2870
4578
4902
1411
1455
1553
454
1931
1065
3565
3531
1985
3851
2432
4785
1254
397
3942
2323
1788
3278
1477
2583
3191
2816
2622
4694
1983
1706
1525
2931
3796
2752
2956
4140
1326
4930
453
1620
2525
4151
4222
854
4272
3023
72
4092
3009
2643
1892
679
2214
1516
1568
2414
2894
198
4772
3003
4592
1357
1887
2728
3756
1877
2255
1399
899
4050
2530
4825
2468
258
3155
3817
3145
2445
1386
2801
3262
2473
1664
2389
3824
3845
3483
822
152
3990
2257
1747
488
1364
451
24
1662
1725
3316
1551
4027
3517
4652
163
4657
2217
4302
4748
4886
4171
749
1093
3272
1555
2787
3547
4151
199
3300
4787
1273
2639
4411
684
1836
279
2050
2663
3741
2670
1873
1374
1646
3299
950
3542
3442
4966
4550
3154
4099
1166
4805
2958
3706
4320
3675
2261
1630
2916
4250
419
4215
4563
3855
2885
3007
3270
1538
1738
1028
3524
2464
2711
3846
1217
237
774
1069
4591
4916
4161
4725
572
1838
4320
1191
1959
3274
3350
3353
3009
1804
850
2907
2127
4843
2177
2216
856
4457
2301
1729
2388
4182
4920
3167
4961
1940
433
2178
4077
4307
41
1017
2276
4032
2615
2534
4392
388
4158
2290
1761
1225
3132
3727
1648
1173
1952
3930
989
2014
4556
4838
3340
2403
3591
929
795
3034
1369
4375
1624
3528
1721
2343
4159
4310
3852
3172
854
2517
4167
3183
3392
4226
3860
3951
3532
3398
802
3027
4618
680
4541
4638
3242
687
4007
1574
1705
450
1597
2563
129
1767
1125
4512
3768
1580
361
4754
4499
3050
3364
138
3072
720
4850
928
1090
615
2811
4532
3567
3339
3081
742
713
623
3295
3118
3554
3540
4936
3507
820
319
1441
1762
363
343
4657
775
3571
1777
4982
4783
2816
1793
157
2858
738
3945
4512
4330
614
4039
2857
1681
55
1709
3663
135
336
2430
4413
3073
1537
3364
3488
3089
3432
2597
644
2529
2707
1775
3459
2320
1548
670
1441
4178
1666
2066
369
2433
4665
4312
4129
1593
46
3287
968
1779
21
500
2661
4858
1531
4643
4116
4735
1602
485
4299
1988
4292
1989
730
3712
2066
3392
395
2049
4016
483
4715
3076
3939
2744
1171
3603
4319
1205
4704
4201
1080
2331
2845
2031
3675
1152
4452
2678
4501
3711
3167
2124
321
260
1125
3026
1619
3365
645
3471
3843
2063
1320
1885
2914
3225
3087
4124
3050
647
1887
244
866
1627
3025
3117
434
1377
2323
3491
2476
2838
898
3254
3765
1777
1704
454
580
371
4871
1205
661
3826
2003
4391
3559
4901
1012
3200
3200
2793
3986
2732
1997
2335
3129
537
3367
4425
746
4684
1210
461
2798
2253
4322
507
3069
3308
4046
4412
1383
3760
3752
3691
4312
309
1074
2497
1431
3844
827
1125
20
2929
1167
2363
4236
1593
413
378
146
3436
4651
2963
2405
4874
99
4643
1877
228
4693
3818
1045
638
2462
2933
3875
4510
3693
4770
4485
618
151
789
1640
3743
242
3085
271
3159
867
3955
4705
667
3517
4299
97
1370
880
1888
4749
4636
4435
4194
3150
657
4446
4444
1729
1454
5000
2784
3837
4032
2246
4547
4269
2973
4253
2047
1535
1658
2950
3095
4175
1744
2948
1678
2217
661
3001
2545
1539
2708
1866
2747
118
371
50
744
3554
2176
4764
4521
707
131
1562
4511
2897
2095
3173
3929
1826
4267
4884
1539
4698
4687
2900
439
844
1584
3564
201
4729
4588
2541
4102
3148
1658
3377
4260
1660
4317
2190
210
1093
25
1977
2758
3303
4961
4067
4372
4752
4919
2876
3325
2365
2287
4902
2151
519
921
2993
3851
2193
3554
3060
233
89
4395
4942
2637
3748
4600
2221
4012
3420
3844
1149
1101
1991
2913
242
1132
3947
2837
144
2106
1327
3100
4693
173
1233
3805
1053
2011
2150
2383
1172
3827
2600
1815
4282
2640
1797
4202
3526
4424
2413
2392
2652
4121
3249
757
3920
4232
2933
3016
2834
4586
956
2449
1046
580
4615
4065
1561
489
2586
4778
3491
3830
1761
865
404
822
189
1652
2962
3446
4202
1179
581
2760
133
3557
2623
661
4709
1160
4113
2648
4706
1837
2237
710
3644
1881
3629
4145
1392
2590
2546
207
3564
184
1726
2271
1635
950
3613
3573
2916
1976
539
1381
552
2817
1979
193
3187
931
2231
570
4745
717
4028
4359
1146
4251
4094
1459
3911
2812
3078
4552
4149
2125
3976
3061
1548
1876
963
4587
2350
3078
3214
2993
107
3364
3860
2266
1724
4795
4846
2930
1499
2526
2922
1611
2617
2776
1518
2448
4309
2566
4273
4588
758
1207
4763
1708
3050
3222
2166
2612
3551
3326
3681
4750
4163
4941
2682
3294
1768
1138
463
3506
2437
2794
458
280
2796
390
1047
1294
3812
2399
317
3832
2281
4942
1601
3359
1358
3537
2237
4670
3731
4032
1399
4267
2554
860
3519
1484
4670
4169
3011
1889
143
357
4749
44
4237
3374
3060
1355
503
4059
4875
763
2132
3879
1843
3435
2326
4027
2324
3383
228
1129
2173
4326
2047
4910
1250
1368
4108
1683
561
3605
3253
3448
1615
1719
821
2772
3608
372
4074
939
3044
1780
4526
1825
2470
3855
2810
2842
3030
3938
1126
683
3049
3399
1863
2661
1796
2248
2868
1687
1734
849
556
3845
2021
2296
2256
3659
3906
4012
2516
1519
2633
533
2164
2816
1646
3815
3507
865
325
2985
613
2653
297
4948
3556
699
4695
4333
1418
2691
4121
4202
4398
1699
4069
2976
4601
3609
3469
83
3363
1357
3197
172
1997
1162
2718
2503
639
1779
1950
4150
2021
398
3488
1424
3837
91
1870
126
2725
2033
3343
3420
3475
4535
1003
2497
3866
2739
1582
3683
2669
2205
2135
395
2897
4311
3204
3137
920
1983
719
1777
2216
664
4284
3940
4095
1217
779
3423
4928
1151
3131
3394
2994
3702
538
1607
589
2611
2592
3929
4009
1356
75
4174
307
1505
4659
4752
712
1691
4811
3977
2384
598
762
1918
1278
1647
4154
3753
3154
425
1967
2637
1380
4639
2575
3835
1112
3962
1292
4029
925
842
2666
257
3293
218
1067
1994
2490
2654
2476
767
2657
2159
3096
2392
1727
129
494
2999
4591
4187
396
1990
2247
102
655
1620
2267
3411
4863
3235
2936
3290
4238
2471
2907
2459
3453
1677
2965
3324
1370
3080
2894
2949
2898
2865
3255
575
4637
3594
3254
3954
2556
398
3060
4003
3993
3710
3446
2871
1921
3491
1380
2255
297
3133
1573
1973
4319
1170
1433
4104
434
1421
1535
2879
3070
1484
2822
834
1608
3733
2813
409
579
1049
2625
4430
4205
438
3111
2503
932
2597
1545
3321
1093
1354
3299
2048
55
4317
3815
3477
3644
775
3025
4927
670
2126
1841
2022
482
3807
3855
1315
379
3013
2615
3415
1764
4394
3325
3330
1991
2872
2002
4216
3415
1457
3935
2114
277
3136
1178
4186
3982
4142
3183
811
1033
2004
3126
4881
4243
10
2656
1233
2852
3588
4017
4601
523
82
4513
3575
755
3137
2218
3185
3751
4157
877
2538
3743
3179
4759
78
2044
318
2980
2519
4181
2639
2051
1083
619
790
1869
3715
1931
4197
861
2867
2280
1491
4098
2791
2396
1923
949
225
1234
3399
4743
1787
3303
4693
4491
4818
2961
995
2456
3718
1931
4326
2698
4942
1257
1246
4623
4230
2601
661
899
2896
4170
2484
4597
2545
1925
1431
4546
285
1162
1443
2885
689
2109
4473
113
3383
963
2857
3975
4889
500
333
1462
4326
4850
4821
311
2652
3229
3107
3266
356
3801
168
3576
2332
1181
3836
1317
3664
4728
3703
1024
1674
1945
192
957
1279
1667
2731
2867
4003
3306
3243
1789
2756
4309
3498
1736
3199
3856
2934
2823
1210
2112
3797
591
2199
4377
2899
2563
3825
3656
4038
2099
4243
1164
1683
777
1150
3623
532
493
3388
3609
3689
309
3973
2413
1112
2505
2000
1201
290
3987
4159
4024
333
2153
1475
1520
4501
3584
181
1371
5
1673
4074
1895
2872
3999
4531
3363
4009
750
3656
570
1853
445
2209
936
132
4865
503
397
4955
4122
3032
1237
1020
3531
517
3727
3859
4067
2997
4489
425
4906
2400
985
2194
681
1112
2018
2033
4558
3447
3126
1260
3685
966
2791
1583
49
4128
3923
950
3604
3304
3120
615
2044
3396
1004
3702
4873
2057
1744
1520
3583
4498
3478
2429
4652
2718
4250
2582
2489
1372
2104
3928
3917
3000
1140
104
4997
274
3066
4340
4733
3704
355
2682
2632
3500
2021
2904
2581
3132
3166
248
2333
718
22
3654
539
2219
3887
656
4183
2761
4051
4565
3005
4739
2160
671
3737
944
547
3647
3993
956
1537
2109
3118
696
183
1068
2339
4009
92
2117
2002
908
2165
1028
2609
2379
1833
3820
2673
1956
3703
3602
3334
744
3853
659
374
4921
4728
4378
2857
4411
2675
1988
982
4295
906
3038
1374
1562
2670
2017
1999
2008
2989
2666
1818
1685
2097
4187
1050
416
245
2468
3697
4289
2469
4232
476
397
3116
3199
4061
1182
2942
4185
4681
2658
99
3466
3606
1490
2968
4831
1780
4232
3157
415
4849
4285
4370
1945
918
4315
477
4800
2612
3116
114
1060
3768
398
1175
1064
1831
1876
394
3187
757
877
469
4687
1720
4805
747
4942
2020
2777
4838
8
2650
4630
2759
568
4169
2087
3969
2073
4385
128
2708
3825
366
4637
2412
2510
1876
2517
1833
3787
2037
1910
3725
3613
1649
1284
801
2071
260
3041
249
3148
1781
3002
3470
3197
1163
3570
2845
4808
4441
3890
411
2346
2810
278
4082
110
3894
3191
639
3211
4060
2109
2263
2019
4168
3551
1652
4384
1052
3633
2476
37
3106
3312
316
512
2715
3254
4666
4234
4807
4326
3507
2531
1112
4149
3352
983
1709
4424
137
1381
3133
4806
1553
3433
230
982
3941
1610
582
3523
2594
3469
4111
2206
2068
251
3987
2429
3907
1406
4142
4555
716
2840
2781
293
465
1271
1027
3528
3830
4705
4171
1605
2777
3619
1230
3939
2040
2813
1161
4103
3193
2456
3829
1407
4687
3187
1821
4318
3436
1111
3911
1311
3826
1993
2736
4674
2273
901
4177
1885
2940
376
4434
850
2474
2484
4841
2367
3450
1094
1089
3568
206
2455
3206
4493
1060
4481
1565
3255
4419
4149
1397
1091
2921
1274
3393
4989
1030
979
3820
2678
4739
4973
2607
4708
1183
4756
533
4380
2805
4673
917
1172
5000
773
1462
2684
33
1564
4635
2443
4907
453
2442
4573
219
1208
1471
4203
4056
3284
2218
3619
3837
2549
2026
2856
3125
2798
4959
4001
4980
4921
3932
4691
1778
45
2892
2967
2369
485
3927
4791
2718
3482
3998
3664
1201
882
4258
2245
2242
700
1823
229
1813
4800
4288
2807
156
2092
2359
3667
4105
4313
4711
3824
4913
4473
1128
1473
946
3601
1598
1122
4298
274
4481
1913
1484
4997
3886
3000
2504
3160
1399
2155
1167
1054
3847
280
2306
649
1220
28
2253
2746
3561
2673
2236
2864
3545
1039
398
2898
4305
3850
286
982
4369
3135
4982
4804
4054
2028
1287
4720
2908
4536
1139
959
189
3168
2925
4242
1955
3333
4181
1470
928
4409
3159
2044
4899
2509
2331
2414
1699
1298
3794
3394
2522
2817
4149
3828
186
4772
1335
3399
1321
4006
4839
2995
447
3034
2523
1687
1211
2726
1476
38
3314
1643
1696
674
3287
1846
3175
3625
4853
14
4275
636
915
800
1676
4492
4817
1609
3283
4807
2332
3310
3440
2890
3562
686
1544
684
2290
2497
3725
2672
4988
3952
4958
2315
4363
113
1836
1877
4932
727
3652
484
1505
1311
2255
2684
4075
3211
3515
2092
4689
404
1495
1721
3694
4586
4370
1445
3984
3164
3681
397
4723
1210
2883
1697
2404
1233
1581
2604
4506
4257
804
3614
846
2608
4325
3482
3472
4367
2260
2132
1246
4554
1234
3246
2898
3799
540
4316
2160
3360
2394
2668
3846
1505
4597
3469
1169
903
2269
4592
4859
4874
4096
3022
1719
4421
1
1967
3851
1097
4403
4157
3642
3653
1180
2003
2455
2069
2035
1856
580
4626
838
3231
4471
1057
104
3641
2683
1504
1036
1075
2014
870
3274
2593
3438
3975
2531
351
1912
2969
