2494 426 3146
2870
3553
767
1240
1132
1467
2609
4692
1717
1629
4130
3054
2193
4705
2629
3901
4768
1128
2483
4906
1812
3707
1102
2613
2039
1146
2836
3974
1840
4572
158
3357
2622
1962
3181
4379
390
2288
2343
2474
3527
3487
3796
4685
3474
4604
3342
1860
90
2685
192
2368
2955
2309
3142
3208
3879
3863
3164
1091
4351
810
2811
1850
1268
3155
43
4006
3847
901
3115
4733
4057
4431
3667
4935
181
196
1170
3097
2416
3673
2794
648
529
1353
626
2210
4775
4408
1736
697
2801
2011
3409
738
44
4439
3945
1053
4017
2221
2798
2676
4501
1045
2777
215
4773
3624
4604
3386
3638
3615
4109
4332
4428
2370
1932
4899
4375
4
2177
450
4006
3153
1033
4175
3748
732
3900
3364
1813
1353
3662
1061
748
658
2167
2106
4015
353
3817
30
2650
4283
1840
4087
11
2070
2300
4006
2584
15
2462
68
1092
4051
229
2292
336
4145
326
3678
4654
1246
3225
2265
1504
1314
3662
3995
1420
4254
2825
4511
3169
4886
829
797
228
1056
4358
2246
4926
2999
1812
2514
3569
359
2720
1225
640
1220
2024
62
3796
4207
4967
207
2205
3534
3051
2139
4594
2944
3660
4419
1016
3759
1828
1948
906
1193
3411
4046
4017
3503
1705
939
785
3392
4263
1140
3536
1289
3119
956
4659
2375
2589
4488
3953
4020
4850
2449
694
2972
1218
3121
867
3974
4746
2923
2353
2816
657
2065
4639
1258
1413
1873
4176
3749
2328
3247
1905
357
1283
440
1783
1725
2713
2118
3925
912
4349
4473
3035
4629
4861
4664
2413
4770
994
3132
285
2965
2054
1280
3344
4721
3184
3511
3666
1395
3137
550
4985
3061
906
3620
3314
3249
4935
2029
3535
1178
653
2726
3337
689
4952
4148
2398
2165
1454
2242
1289
3838
2180
20
2385
3896
3273
156
1606
4181
64
1050
3522
3149
4452
716
4852
1023
1270
2130
1332
2497
893
1640
2247
3414
4589
3449
2141
1412
3155
3341
2826
32
2918
4679
3946
3059
3814
4794
3901
1318
2249
4881
4424
2485
3990
1393
4499
2323
1464
1655
1659
636
1744
4139
3884
2935
4546
3721
4795
1381
3654
1677
3997
2567
1870
1937
3919
3879
569
1734
4438
2709
4252
434
3817
3484
606
2130
234
58
2812
3806
3968
34
719
3343
1902
1464
4403
4139
4537
376
3141
3980
3553
3138
782
1148
1425
1775
3920
2805
1911
170
2248
2633
4350
2646
199
903
2479
35
977
246
535
1520
3768
2206
2704
4603
1312
4850
1787
1490
602
1696
2644
2195
3470
3892
3149
3750
3191
4127
515
2035
2567
4355
4739
3107
1122
686
813
4563
2994
4698
4243
4139
2760
343
3814
1142
3205
1184
4803
2022
918
3653
514
4093
1327
4888
83
560
3004
2059
3188
2550
4368
4741
4898
4135
664
1895
1025
3718
2295
3267
124
2266
1011
711
4379
1210
609
2302
1286
3476
2345
407
4311
4006
4943
538
3003
2895
4282
3453
2213
779
852
1623
2444
1322
2192
1977
585
3995
947
3092
1541
1378
4036
4286
1502
4453
3061
1921
1136
4256
2303
2969
3673
3090
1139
4649
4084
3758
2375
4855
4381
1291
1266
2957
58
919
2460
724
3228
36
61
4276
790
2363
3721
4942
2987
1611
3416
4934
3567
1438
4338
2915
2343
2054
1024
4801
3924
3709
2272
3336
2156
2473
2023
3631
160
1442
354
4489
66
3228
2918
2617
120
3866
2163
2736
4066
945
1349
2367
3456
450
2391
3371
4457
1262
4690
1612
944
484
3149
711
2884
2724
2947
3909
4583
1811
4940
2381
4159
1628
871
3605
3049
1669
3202
3927
2172
4188
3223
4273
2843
3737
3813
4326
236
4955
1521
3222
2980
4112
3182
96
4200
2482
1384
1195
2000
2215
817
581
1490
118
2667
3577
1870
4052
2261
2111
3973
3619
3939
1173
4562
1258
631
2626
4470
3175
1122
686
1570
2249
13
3309
1179
3096
526
2113
3157
4794
2229
539
2944
2581
4283
3092
1202
875
3724
4117
4567
1453
1321
2372
1503
2461
4427
2357
4872
3987
1494
4019
2997
281
1721
4423
2636
2587
2123
3020
397
374
277
2905
3790
1131
4047
2553
4539
72
4779
3852
3900
259
1079
3521
334
2785
838
903
1028
2163
714
1259
2447
213
2786
866
2671
2264
695
2262
1362
3056
2402
2977
29
4058
3733
1016
4632
25
759
2423
3901
4114
4880
2912
3952
3821
3225
813
3396
20
682
3168
3824
895
4830
930
3942
2346
1579
1196
1382
1696
308
784
4814
1458
1314
3016
1065
290
4074
2732
1553
3499
2018
2582
2060
303
1304
1851
3838
3254
817
1178
4175
3284
2597
3453
948
2563
4405
1773
1011
4245
2289
3356
1853
3578
732
1871
2383
1881
1937
2483
2309
2300
4530
448
791
219
4503
309
1601
4070
1107
2500
1667
3546
4864
4259
2718
2053
3724
4734
915
1047
4816
2865
3282
4416
1707
2256
2067
496
3101
2357
1011
730
2716
4423
1292
1339
4703
1692
3301
4895
2882
1062
3050
4659
2752
2484
4628
97
4275
2316
374
1063
1357
1980
1254
4512
3601
2162
3226
4668
1671
3296
1191
3506
4662
3675
2205
2198
3655
3865
4693
2126
898
3670
2273
669
1317
1603
3530
904
2851
1496
4522
4982
202
3362
3110
2283
1861
3525
876
764
3568
3970
3404
1770
2132
195
3963
3241
177
4022
2643
3298
2149
4209
3809
3973
3188
3046
1143
1066
565
4193
1936
297
1322
1393
3360
660
735
2164
2311
1686
2063
2556
3900
2024
1246
3785
703
959
1738
4996
4182
2647
3426
1319
1509
2265
2618
4177
2989
4859
3547
469
3237
3615
3669
2185
4229
4483
4627
3724
3465
3544
1578
757
3604
4519
1803
2120
4755
1766
4951
3048
2014
4296
13
2631
2269
4665
202
3413
1569
3854
3760
2879
1647
4933
4486
1438
2433
4656
1939
953
1718
1371
1264
626
4262
2492
2558
3281
509
3754
23
4968
4938
4137
350
3393
997
168
336
314
298
181
2812
3668
1413
1480
3098
3670
2771
1381
413
370
1958
2282
1110
4788
1231
2871
1434
4020
16
2707
55
153
2423
2762
202
4843
1542
4739
1302
4183
1148
1600
569
949
3968
3341
2455
2442
586
3899
3396
181
513
4891
4261
4288
4817
3639
43
1908
2139
2983
4357
1929
2133
4084
2192
1390
915
1697
3099
1105
4622
2668
3011
4836
2107
4641
4225
1147
1783
1480
3078
3111
2213
3933
1210
772
4327
4007
913
3299
1284
4247
4699
2773
3944
2427
4772
2340
2011
3121
2296
421
4689
59
3647
2234
4701
2731
4294
2247
4336
2268
4072
3755
4321
4923
4269
524
3393
3081
2206
859
903
761
1525
1312
2721
3735
2841
1346
4131
2784
3714
721
2430
4671
114
515
3131
1394
4228
245
657
2723
313
766
1481
943
2310
4138
3963
2675
2463
2662
3455
756
1023
328
3920
2576
2308
2091
4112
2887
3300
46
218
2860
3126
4469
1239
857
4157
1314
2719
2983
522
3118
3157
3653
2229
2782
4708
111
3677
1413
1816
2591
3915
2772
2439
1266
699
3148
2909
4684
4154
999
3968
3740
4668
2058
237
3917
3337
3264
4220
1450
1456
1916
3949
1746
2052
307
4775
3511
1547
4060
4774
2
2875
4707
376
3327
2404
1706
2649
4381
4569
1840
324
1070
3334
1434
4692
3301
2418
1518
2288
3091
2134
4574
4593
3326
3238
1727
550
3399
1973
365
1851
3339
2542
4038
522
2908
1809
1141
4807
4924
754
4628
3636
2004
719
599
1224
1401
126
2026
3727
3482
4984
2232
2244
2510
4985
3400
1023
1782
4015
2048
3890
1451
4410
2628
3461
2525
606
3136
2089
3779
3267
1342
1866
215
3450
1793
4058
3063
3502
1915
1919
4543
1186
1417
2311
4783
806
2169
1759
4248
1254
4006
4583
2648
1044
1872
4191
3137
4548
913
1755
2183
4320
2485
4909
834
2469
162
2441
1274
387
3593
2124
3450
2642
399
3271
3904
4548
3731
2711
259
1778
948
1438
3159
4224
203
2585
4332
3613
1481
1961
2102
3817
794
4396
1406
1758
271
437
4447
3477
2792
1288
2122
584
244
126
1226
612
2869
1985
824
485
2738
998
543
3468
3320
3297
3764
4409
4610
4314
1411
1104
900
1624
3661
4481
1331
4980
1470
1653
589
2678
3121
2043
127
220
664
790
4393
1158
3408
4988
4093
2669
3070
184
4037
3326
455
2532
4826
3595
4220
2032
3039
998
2334
2491
4126
747
3515
4607
148
2092
4398
862
2647
409
161
2749
2944
139
1479
2362
515
3753
376
500
3810
4110
1669
974
360
4996
810
4243
1926
144
3561
2563
3425
3708
4504
1743
3808
3287
1377
1881
1978
114
4489
3660
3009
450
1446
2175
691
3737
1748
473
877
3777
3969
3293
1545
4895
4173
3640
2202
4270
116
1831
3481
728
230
1143
3226
1813
3157
41
815
1577
1794
1855
369
4626
2841
2037
4672
2042
4332
2532
1718
1877
3844
3198
4536
1971
2835
3381
141
3509
2247
3398
2887
3604
4592
4385
747
4685
2897
4414
4020
3594
1921
4147
3592
3460
2452
4658
986
1150
1604
3812
2759
72
113
4369
2635
1729
1763
963
1737
802
298
281
3419
2731
3567
4865
255
1195
1795
260
1220
3252
2931
4178
3714
3797
2960
3329
2502
217
2130
2219
2683
3024
2274
2493
935
588
1570
1135
3845
581
3933
892
3398
1523
1122
4217
546
368
1381
1997
2164
3188
2258
1536
226
2430
3419
1697
212
3876
1721
4981
2157
2369
4275
432
1111
3714
2140
3780
490
3550
1895
3909
3955
3066
2211
3996
1331
3363
68
937
3826
4524
1794
2028
2301
2928
3256
2647
3590
900
703
3799
2205
114
2905
1288
501
2634
4008
1671
4515
1003
1595
2589
1710
2773
633
2354
3531
3560
1352
232
18
2916
4252
3829
664
454
207
2157
364
485
1428
3439
1660
3843
3404
885
4211
4275
3309
1635
1027
4064
446
506
2696
1760
1640
1406
3283
1834
1473
2356
1870
4925
672
638
3410
4902
3956
4150
3150
1991
1355
508
1303
2875
236
1075
1738
2602
920
3593
893
4178
1876
2147
4158
2731
306
4667
83
1539
3162
1584
4029
3544
4466
2757
2886
2847
314
2337
4863
4604
731
4039
1355
773
4546
1206
323
1927
3264
1699
1831
3316
2066
541
2998
2454
1151
828
4154
4058
1498
2736
1597
3241
1819
2243
1038
2253
4269
1445
3885
4167
1541
2633
2099
367
3896
2824
2642
2896
4748
3096
2571
3970
685
2971
4320
1914
1299
3378
1388
4176
2111
2306
3882
1086
1680
35
1629
4651
4484
2251
710
4833
4583
3912
170
3853
4656
1178
261
2866
1248
1321
4752
1921
4855
323
2212
2254
457
2823
2621
2254
3824
1895
165
3908
4983
2989
4699
1984
2435
1621
4273
3310
4964
3104
189
4367
3017
1121
3022
2225
545
3337
956
2249
2552
2873
4087
3423
665
1803
2483
4027
1240
1223
4595
1831
4406
3016
4390
3092
3840
4825
565
441
3088
4415
4123
3838
4488
3856
3947
56
1483
4053
2029
955
1397
1924
2071
3713
4161
946
2069
104
4638
4053
487
3468
2501
1897
4798
2536
1604
3025
3937
1119
1661
3890
3625
666
2352
2096
248
2329
1401
823
4380
3360
1705
533
1043
693
1107
211
4522
1938
4222
1675
4795
4849
1750
28
2334
155
4942
661
2033
4481
2136
1919
3660
1889
1935
3518
1754
2580
4856
808
3071
1046
285
3313
294
4768
1406
1205
3878
2243
963
4666
691
2247
443
1633
560
4029
2134
2151
4343
3023
4236
256
2030
105
4866
3562
2523
3622
986
1365
3566
853
2261
277
875
4136
3470
4218
2615
1631
92
2640
2696
2660
4011
971
3535
2283
1028
1923
1172
2165
4200
2350
4204
4592
3315
3412
2656
3737
394
4024
3132
1870
165
3364
3330
1077
976
62
4396
1758
3540
1489
3898
92
514
1416
1426
661
4464
828
396
4558
51
2929
2746
3397
4929
4418
560
4455
1166
3063
3870
4941
2922
389
4306
3454
4814
311
1183
2116
3959
2140
4198
495
3063
96
569
4804
4123
2529
2460
194
4546
1107
4599
2930
2622
4736
928
866
990
2619
1101
3841
1311
4813
1759
3027
563
4141
1487
4269
2548
1939
1565
4833
4913
3958
627
2292
4121
397
2636
2076
4644
3202
3776
2926
939
2728
3553
1824
2193
1750
1595
68
3435
3049
4957
4690
994
3661
855
4882
3527
3535
1338
4402
616
588
4930
1039
1825
3
4345
4393
3266
1133
3444
4854
2999
4418
1039
4120
52
2908
4812
1287
4719
1363
382
327
628
4563
162
4366
3470
2962
626
3162
695
312
4513
4580
1081
4637
4563
2319
4825
2837
1530
2189
2371
2781
4758
1672
1260
198
1760
1988
4602
3809
4848
1868
432
2525
3786
3922
204
2434
799
2186
1871
4454
3585
1661
27
3202
4726
3544
1256
646
3528
1012
3453
4455
603
2622
1013
101
1645
2419
631
4181
1268
3135
64
4159
4959
766
1426
3137
714
1152
2815
4269
1776
4527
4342
1854
1378
2914
1099
4242
1780
248
1956
2630
1630
375
1954
2431
13
2338
4872
1141
3535
4573
4598
2049
2828
1658
4715
449
1031
3313
2202
2531
1898
2089
2615
2169
2094
3644
3648
4106
3607
4752
2241
3051
4451
2284
2966
4062
2070
712
1366
1157
3087
2372
2493
3620
4686
3153
2230
4269
1146
601
3439
520
1052
2291
186
1871
1383
4508
423
1985
2755
1756
4264
75
2678
709
1155
2003
2548
2649
2280
4951
4365
4860
2655
2940
1562
1717
2195
2903
4156
1141
738
1234
583
3671
490
1138
4614
1750
2992
859
3590
3049
329
1832
1929
3874
2483
1440
2039
1373
4694
2857
1747
3798
1384
2792
30
4802
2289
549
4970
4060
1296
3831
3803
3728
4420
3795
1184
4884
4641
3081
1619
175
232
3221
4292
1238
2149
3778
1340
3040
4030
2352
2635
4757
4698
1705
1571
4131
557
4311
216
820
1947
469
380
156
4155
3111
2388
1301
2735
415
3475
659
3143
2857
4194
1702
732
1666
3892
3533
4190
2379
1406
2741
2066
3065
1416
817
3293
78
4870
4340
4859
2641
308
2710
2337
3062
1001
28
3124
3228
776
4947
2919
3695
2804
3576
4004
1312
4010
529
4611
1014
2991
37
3070
3617
1576
2195
2456
3126
232
2465
2066
2886
2402
152
2153
2944
4900
3581
307
3442
2391
2625
4674
3073
2099
4627
2886
1138
2575
898
1819
1264
1739
902
2018
921
1650
659
4665
2697
1985
3117
473
4354
3561
695
1658
1915
319
3791
966
1294
908
3646
2783
1856
281
2971
195
4226
496
313
4198
