3206 882 4598
67
127
1271
2374
2675
4089
163
3933
2588
1200
1577
2498
1967
3022
760
170
1963
3249
4072
4085
2844
1081
4299
999
1603
2622
818
3646
552
1125
3551
4358
4251
3583
2273
4905
494
192
239
3840
4990
4854
3774
3249
2738
942
3722
824
3118
1276
2409
2711
1679
2713
2672
4611
1671
3090
3268
1748
4810
2747
3878
2041
908
2788
3414
2601
770
2284
2524
3493
507
4868
4479
4285
981
1973
1601
1048
1108
1937
1438
1443
3522
1333
54
525
2876
2695
2171
2152
3555
4915
2104
4841
3330
2142
2251
4965
3966
3611
2055
1320
2152
1674
2078
3841
1158
4373
53
1541
2346
3287
960
2855
1236
107
3080
3
912
4302
3670
1888
1843
1774
3326
3125
1572
3853
3251
1747
3373
4131
1628
4662
1698
1180
2929
3612
1302
3418
2347
4943
2812
4125
553
3906
2008
4769
3251
3440
3171
1099
4018
2063
4341
2557
539
2060
2158
1618
1313
4371
1503
1082
1149
3718
3118
3684
1523
1395
1744
661
503
820
1539
4685
2518
1984
2140
4787
3748
4028
124
473
1743
4900
3582
3403
4089
566
2210
632
4140
2248
3389
3143
2092
2656
3003
3696
3369
2243
4024
951
991
1935
3231
1676
3095
3178
2061
3986
4499
2497
331
4739
4280
222
3164
4562
3131
4270
68
4454
2468
226
2406
72
1854
1353
944
2922
1508
2151
3472
2623
938
3754
1234
577
894
3625
1059
2378
1424
4855
3449
3745
2400
3310
3320
1005
3641
2306
2955
3844
129
1041
986
720
798
1773
3869
2171
2943
1170
2554
1287
2637
4627
3293
19
4047
655
2171
3414
590
2557
2422
3600
924
4582
4239
3358
3589
2155
4245
4880
2906
4377
902
58
727
2087
4059
1651
3286
3081
4795
3114
832
4593
3393
3096
543
4684
2794
2894
1747
2657
896
191
1506
1950
4687
1012
448
509
3495
2990
991
2836
933
4679
3196
3709
4598
2385
2093
4272
2884
2791
946
686
1669
4251
4841
2032
4637
2985
4865
4078
2387
303
1809
1491
4801
1762
2747
4849
4493
4447
2332
3929
221
1925
2669
1218
3647
3482
3110
248
1883
1696
4013
4455
3676
2262
3285
4045
1251
3536
3857
4253
1237
2627
2231
107
2740
1259
3880
236
3918
474
391
1297
2452
2634
4944
2102
906
3468
1440
3140
392
2724
274
3157
1567
3568
4271
2331
3143
800
4967
3224
2880
2465
1004
701
1014
2894
2903
3931
36
3186
1374
2778
4153
1788
3025
2854
431
4744
727
3157
2092
4183
4734
3714
2294
741
956
3942
797
139
1983
376
536
3760
3965
3994
2684
1820
1403
2094
1178
869
4561
2498
509
1368
2718
3396
1785
660
1975
3718
3855
1401
2024
4012
3900
933
1780
2857
2254
3372
4916
4106
407
4612
91
3888
2703
68
1775
3427
1524
3478
4056
2697
1306
1350
3545
2392
1611
2286
3776
3956
385
1566
1956
4959
1417
1828
384
3287
1093
2683
1344
4271
3167
2042
2706
1785
2918
156
1977
510
3067
3062
4539
4037
4958
3081
2820
1320
450
2680
1144
3841
2587
1583
4856
3528
3513
661
2183
3160
3053
3275
3734
4260
1483
72
4761
3468
1405
1598
1181
676
3266
634
3047
4454
956
31
675
4935
4657
1197
284
2001
3882
4026
4544
803
1836
1257
2424
939
3565
553
2003
274
3450
4873
1292
623
2743
1204
441
315
612
4163
158
4957
184
1828
2113
3593
1884
698
3748
2012
1253
4770
153
3537
306
166
4637
2356
4146
4379
3067
3330
363
640
2796
1372
1955
1860
2767
3653
314
947
4416
2251
1718
822
931
369
4653
2818
1447
2706
4676
3757
2303
4324
4811
26
4223
3711
176
4214
3405
2558
762
2274
3775
2199
23
3447
3241
4515
1968
2735
3858
388
131
4746
685
2728
1289
2453
2675
1962
68
667
4231
538
4836
4301
2806
4057
2014
1003
435
403
1270
3083
1132
1026
1145
106
4387
1943
2207
2394
1980
4356
1742
3627
2416
609
3196
4011
257
1296
4843
2647
3532
3606
2742
925
354
3260
2607
1993
2932
4564
2613
822
4257
353
1827
3754
2802
1978
822
3249
2908
521
636
57
1173
1031
1625
3460
1247
2486
1530
4498
1501
4576
447
443
1422
4918
1925
76
2936
4205
1500
4665
525
1314
1840
3459
2672
2342
573
1799
3709
166
3620
1371
1463
2634
3454
2886
3318
1751
3292
3159
2120
3745
4207
1491
2358
2965
2818
712
2909
178
156
18
4049
1443
25
2858
2238
986
3603
875
2059
763
3959
155
902
2829
139
546
2276
1686
4639
651
1560
1113
1639
1473
3504
1663
881
1986
2024
2078
192
3578
680
2634
282
1646
1317
652
1431
4875
4268
3209
159
2676
1952
48
4135
2184
3228
1216
1271
663
82
1897
3614
1393
1173
554
1541
3911
4668
2199
181
1299
4425
4199
4200
40
4992
4022
1816
1343
2666
335
2311
4369
3172
3375
972
2624
171
4774
2551
3578
4755
975
2542
2641
1606
992
1635
4040
1783
784
3384
4412
4542
4226
3750
2759
4435
4020
2823
1847
3868
963
1079
974
3558
4830
1954
1659
2380
2092
3541
3594
2343
1703
1308
3529
2947
1585
4119
4188
488
1899
3253
4170
4772
537
4506
1325
3337
3284
2569
2812
4064
3167
1250
2153
2491
2125
2380
147
1723
1967
2787
3109
4308
2253
596
1218
1655
137
4780
3796
1
3334
3236
2633
2113
1128
2268
3195
4377
4227
2777
667
4051
4526
1828
4796
2181
624
518
2227
1531
4497
3384
953
709
3696
4802
945
2139
628
4256
203
161
2614
2864
3569
2308
3141
2075
753
3377
2917
4005
57
1912
1403
2941
3850
4569
4928
49
2624
388
1066
4378
4001
3808
2120
4139
1271
4212
4572
752
645
2166
1475
1744
4876
2062
1187
4941
2137
1923
2320
1680
4366
4263
2821
2345
1256
4916
4100
3415
4920
3706
3074
3972
3220
4964
73
1671
651
4739
1983
4464
2218
3823
4465
176
3465
2633
3220
2413
1817
3186
2131
1315
1503
3020
2013
4470
286
1628
630
4694
1156
3657
4802
2465
4669
1795
145
3101
3511
4160
373
566
1037
2218
1127
1385
2848
270
3898
675
4582
496
787
2715
356
3397
928
2706
3926
457
625
1835
13
3534
2686
1149
4525
2352
866
3619
512
4272
90
995
1172
1761
404
4064
1324
3340
2676
3935
3825
4007
488
4570
3198
2067
3365
453
2244
775
456
4581
929
178
289
3863
659
4302
3307
572
1517
1884
2233
4364
1526
1438
4192
183
1267
1123
2585
2932
3503
2727
2758
165
2025
4324
902
3808
3570
4098
3954
2452
2389
3769
905
2099
4412
2956
1309
1110
4657
4480
1359
4397
1121
2147
307
3253
2888
4116
1049
711
2921
4299
3777
4776
124
2466
3565
3658
1140
208
4316
291
196
2744
4742
4131
4605
3279
2018
320
4043
539
4578
3413
2158
1169
912
4336
467
3178
1675
3312
734
463
4856
4055
2442
3068
3989
1758
2901
4207
4131
3227
3011
3751
2413
3811
1368
4610
1247
1800
2485
3099
4527
1372
3956
4328
2529
2172
2139
830
2086
3678
2900
1661
609
2182
944
427
4226
4318
4930
3005
3449
2378
711
4425
858
661
1000
4624
405
2711
4632
213
222
1802
2123
2198
1360
1789
380
315
1302
1327
3000
813
2145
4823
948
4076
2369
2228
4105
224
3335
1183
4529
4679
3922
416
1869
1279
763
3168
3176
460
3499
894
270
2339
749
1
4753
353
3762
2896
2409
2763
112
3359
4871
1644
103
4700
3633
494
1401
1447
972
1833
1695
66
2485
1541
3348
3819
3249
4197
2313
817
771
1908
1369
975
1819
1896
4422
3889
3989
1878
2051
2571
4936
4773
2489
3173
4403
1223
4346
2083
2796
4652
4348
2752
3094
480
4745
3940
3528
1820
4968
4463
2930
2173
4000
405
2837
1225
4640
1907
1366
1645
1724
3713
1548
4266
4720
369
848
3442
2563
637
950
4757
1919
3691
2534
4512
3346
971
2326
393
4783
4638
4409
3363
2557
653
3180
4610
3902
3876
795
706
185
866
3341
736
3389
3125
921
2980
4470
1411
56
4146
4391
1046
519
4736
4852
4013
802
3492
3623
1982
920
903
3544
2687
4805
2007
172
758
327
3260
3536
3243
1703
2979
4117
2306
1414
168
1818
4484
172
4516
1172
1715
469
2423
794
1533
1293
680
1031
4160
2422
3769
3558
3050
3736
1794
652
3591
3775
4228
4495
2603
351
4819
201
3996
445
4785
4564
3306
339
316
723
4872
2619
3115
464
195
2944
4289
2581
1554
4971
4403
2663
1495
1511
3701
1425
4118
628
524
1404
685
4238
193
3326
3549
728
723
3319
2019
3030
4039
314
3659
1132
1831
4831
1063
1990
2537
3677
3
3316
1413
643
2199
316
3378
2450
3518
3244
2988
3576
1008
265
3353
1942
1839
2545
2934
1161
1743
125
4449
212
4349
4356
3515
2279
2349
3564
3734
204
2218
836
3416
4780
2657
258
4940
2885
1533
4470
3781
4035
99
3582
2913
2469
3683
2456
284
4793
189
3299
1992
863
1703
4999
3756
3139
2027
1186
4950
1668
3228
4160
477
2177
142
3136
3690
3689
2431
2173
959
3969
223
2252
1344
4830
3829
4742
4818
3672
1730
2305
3041
3670
111
3848
2442
3349
864
3069
1772
4671
2902
4787
3165
654
1736
4836
62
1613
4538
2945
11
1641
3710
2858
1712
1523
3610
62
1346
4168
1049
292
1180
2820
116
1796
658
3168
21
991
4512
3544
4235
531
1838
4802
1498
4202
4029
4089
2984
582
3212
4885
3143
4661
4771
2413
3722
2370
3709
3687
1600
4037
1840
4862
424
807
519
1169
2694
3454
4474
3628
4307
1896
2799
3816
1375
1910
2871
4206
3734
189
4679
3044
4519
4623
4748
3743
3216
4191
2507
3251
3510
1576
1949
4093
30
666
971
3756
3151
994
3073
3492
1228
2641
2237
3249
2267
3848
2365
2036
4045
2911
1435
1823
2867
1992
415
2397
2425
2186
4274
2411
3436
4135
2618
2142
1994
421
3895
640
644
1254
4002
4982
4126
1541
2861
1526
373
2456
1370
3366
821
537
3564
3716
275
1827
3338
3242
242
2693
1443
500
2384
2947
1415
578
4467
945
4097
1
4053
707
4553
4600
2114
2058
2108
3451
562
1667
1941
1607
3721
64
4037
968
4345
759
968
2146
1962
1834
703
2428
609
3950
2468
4522
1219
1089
866
3338
3291
318
3817
2384
1248
1765
4575
1790
3246
3995
4675
3326
2232
2267
4108
3981
199
340
4449
1746
4491
1577
4142
4950
2909
913
3202
2795
3008
1455
1902
1879
2005
4241
1312
2800
2999
2749
2192
2324
2486
2860
4773
4822
2226
107
1038
4242
3997
4223
3589
3974
507
3900
1174
4224
2327
4490
4883
283
138
3624
2884
273
4932
952
1627
1565
81
85
2420
4529
2198
4055
1821
4606
536
4934
2960
897
4947
4539
2024
535
1161
3086
4979
270
1439
2538
19
4310
4094
1735
1844
2968
1460
948
4160
3111
1043
3593
2971
3162
3972
2351
1963
1131
4387
67
1895
548
1648
3869
3335
4065
2176
686
3688
2494
4038
2126
3217
375
4004
4943
3261
3859
3220
643
4276
3683
2362
2127
152
1140
4358
4040
2979
3637
2160
162
3296
89
2893
3196
4402
3585
2216
2964
984
1860
1220
2292
4593
789
1083
4485
1114
2290
563
1601
3823
2519
1101
1906
4067
4874
4266
1994
3502
345
4571
510
4407
1076
1990
2366
1425
2842
3891
4927
3285
3337
307
2517
4797
1429
3914
710
2017
4451
2313
4278
4603
4688
2288
2836
3481
3145
3463
448
2378
4001
2085
234
4406
90
2250
1238
4281
2732
2099
4202
1443
2480
1947
2537
3537
1382
1334
3350
1352
1734
804
1177
2949
1214
2819
2862
3426
3304
4571
53
50
2123
3503
1971
4492
3654
637
2987
2911
2350
4707
183
3765
4117
1660
141
272
3534
1289
4229
1191
3925
2336
4662
1439
950
1646
1707
2504
1800
1017
1759
386
1289
4431
2971
2123
4522
4225
188
889
656
531
3000
4968
3913
1975
1440
2895
2816
1297
1342
3626
3288
1993
4497
3110
636
625
4047
1246
2850
4322
2291
2730
869
4222
6
1447
2136
749
4322
511
2909
1308
3501
1210
3659
3863
4268
4824
637
3303
1107
4771
4185
2494
4274
3656
4889
4501
3438
3180
603
549
915
3664
2483
2213
3795
4026
3922
2630
1040
1118
3110
3935
3043
1814
4804
175
3173
2202
516
2693
904
2630
1606
111
4199
669
4514
2085
1586
3570
1692
3949
190
3140
1588
3814
2527
2630
4605
2290
388
1108
558
2165
765
4600
4100
1518
987
4072
2594
326
4172
79
1751
4869
1410
3491
3101
3091
538
500
2938
4377
2865
3266
4147
738
3287
2476
2803
1514
4120
3572
1159
2641
3915
1052
3436
3730
1484
400
846
4556
227
2583
187
3549
4944
3451
4253
2572
4228
60
375
4988
4898
1359
3743
2587
3486
1500
4296
4770
2045
2155
3539
3135
957
4506
4145
1543
4354
2968
4
257
366
3634
1947
2679
2577
3630
2720
3678
1154
2868
3631
1797
2807
4307
81
3938
146
3730
422
2394
1854
902
1664
2568
2399
2840
2762
3725
2902
4185
3832
3962
3902
1846
2858
3309
3181
2956
2141
886
237
764
443
1693
2625
1286
2855
4419
2847
20
1838
2163
2093
3625
2404
2813
1992
360
3576
1535
3536
4290
4992
3740
31
2242
2169
1650
4030
983
3632
3125
1499
2164
633
1063
3354
2891
3234
3020
4776
4275
3154
313
4657
3046
1836
911
2490
1475
3603
3556
3793
2921
3020
3069
143
3537
3441
3686
873
103
3635
1496
4423
1751
1842
505
2385
503
937
1847
2637
1397
959
2165
2278
3697
2630
1251
3583
3662
3767
3934
4155
713
4738
583
3522
4237
2129
2104
2833
4975
4795
1291
1400
3353
26
803
3881
1646
1313
2246
4615
3498
2054
3059
841
467
3775
4082
2021
4803
1857
4529
2419
1141
440
1059
352
2751
4012
673
2405
2852
4274
3775
4303
1814
3318
4610
303
4504
2605
1113
2029
2975
2380
2258
4482
298
2523
4645
3387
1291
1204
1166
80
3720
2138
372
679
734
3686
991
2665
219
3794
225
2938
2332
4275
3596
4779
4598
1183
1880
895
3609
2976
4811
2477
2759
3523
3282
169
1586
4052
909
1772
3251
4981
2823
3014
4624
1054
2393
3407
2007
3324
4105
3725
1454
4282
1005
828
4587
4387
548
378
132
2709
737
4017
4227
678
3940
4375
3530
3046
281
2372
3242
1648
2719
4013
2315
4237
733
2500
549
3462
1240
3122
717
1079
2754
4592
345
1805
688
4502
2471
4715
2595
179
4932
3017
3301
4397
3744
3071
542
4581
954
1594
193
2488
3975
1451
645
2915
4054
2828
3087
3062
1540
1499
1174
3170
280
2682
20
3785
3100
9
142
2670
3970
3974
4942
2591
670
3716
4786
3203
362
2130
2788
4214
1217
4354
2027
2103
4427
4095
4320
1747
921
2747
3947
1196
1488
3994
3966
1882
2362
3120
1338
1819
4872
163
2961
4737
2428
4420
4170
4780
966
294
4111
3576
1039
1323
4785
1233
995
4464
2446
3153
4591
4855
3536
1574
855
2036
1054
1636
2163
3611
3841
4730
1890
2773
2289
186
751
966
3269
576
1232
1232
4125
359
2590
4261
886
344
4973
3860
3452
3054
2104
4640
4262
3551
1661
4141
1148
4786
4513
3260
2349
2378
3780
4311
929
4825
2628
2594
916
3721
3257
4943
689
599
1883
2048
4330
2877
490
2475
4308
2438
4563
3085
3255
82
3895
936
3708
447
1117
1345
4268
1562
12
3693
517
886
4048
1881
4622
503
417
4039
3817
1387
2723
4406
4777
328
20
1321
975
562
3935
4118
602
736
794
3780
2432
2629
324
2190
4120
1283
3239
235
3116
77
4298
2994
853
2459
364
4713
2010
4086
306
847
2955
178
931
4671
4823
3423
2727
600
2936
1686
472
1638
1984
1197
2049
1700
3335
94
1716
4678
3319
2315
3631
4176
328
3328
387
2787
4363
2463
3452
4802
1451
2726
2122
2322
1047
2629
4182
1278
2411
473
4151
534
1065
1993
1961
3700
1402
2943
4308
594
2298
1433
3547
124
2129
647
2431
2715
524
82
3437
2149
4656
752
2128
1558
1905
952
402
758
4349
4190
2413
4757
588
889
3847
403
4180
4129
1259
4287
1376
2818
4304
3885
3235
1738
1641
4770
4714
2335
3247
4410
4706
3864
4494
3456
4017
41
4214
1055
2915
4282
351
1287
4636
637
4361
110
4375
410
2703
4057
4610
2671
365
4439
4542
263
1462
2136
4721
1480
1331
303
4329
4975
4576
2159
2812
3336
2204
964
771
168
1722
722
819
2015
1056
1948
2344
289
1445
2949
1033
2739
3615
3817
4323
927
64
482
3046
2194
3861
60
1700
106
3877
4409
2698
2834
4468
902
2408
3737
589
4667
2884
4478
1778
1519
3426
2584
1567
2476
4488
2402
1085
3908
401
3965
4631
2470
1302
2107
4145
339
135
477
3449
1378
3963
3786
1542
3006
649
30
872
1155
330
1015
2776
1102
3411
579
2100
1474
362
2944
1962
2609
2591
682
2033
2069
3249
2514
4511
4914
4680
4884
4589
1679
3805
4998
2729
1023
800
630
1441
3289
1533
2658
772
1487
1658
548
4004
1938
3403
2167
1179
3528
2655
345
2742
1895
1672
3800
2023
487
727
1532
1354
3781
1118
3993
1034
761
3303
519
2296
1555
1133
1559
2662
1553
176
2721
1457
501
1139
4529
31
936
4768
1397
4477
1273
4611
708
1188
1115
1237
2755
3972
432
1340
2137
2174
3224
1887
3945
1784
1367
2539
2948
2162
3305
2868
2164
1677
3279
2154
2170
4174
1465
2426
3816
2564
4552
44
764
365
3452
4398
1282
2607
157
4906
4189
1849
4130
962
2290
5000
1521
3041
4336
990
304
790
2862
4505
886
4867
4757
2293
3035
2194
2097
450
2730
817
2980
1592
389
3204
3196
4389
1625
670
960
3897
3839
619
4960
54
4569
3508
1195
3629
619
1034
4189
3469
2982
3986
1846
3357
586
1811
4633
4009
1956
3976
1055
1287
3622
3636
823
3076
4431
686
4127
1682
1685
1883
2410
4844
540
2579
1208
40
2050
807
2204
3356
2820
4293
1060
1922
1052
1874
2372
4676
1099
1278
4737
2107
4871
1007
4396
253
4505
2671
4796
1028
2804
765
3462
19
2162
3616
1399
1739
1333
4186
4956
1750
4925
4964
2850
2433
4052
2908
1190
4461
3232
2631
266
109
3255
1998
4041
488
3242
2039
4697
585
1844
139
1281
264
933
2660
1319
4033
3582
1744
168
2832
3909
1590
3342
4277
4142
3931
2024
3756
3662
1579
994
4707
4300
1912
1860
4254
2166
472
2936
3249
2564
4185
1071
199
3802
2370
1295
4976
69
2522
1620
1620
2171
1506
1317
