179 290 2528
2080
1806
3492
3332
3781
2176
4239
2259
2114
3289
3739
4831
1719
4366
2213
3009
2024
1852
4476
81
2623
3506
4764
67
4519
870
3859
1050
2320
723
4209
652
3910
1760
2527
1934
1707
3642
3565
3730
1433
60
4581
4428
4680
4904
4307
3411
71
1045
3268
2604
876
2818
1563
258
797
3459
2598
4008
2102
1767
4587
4649
708
130
4375
3663
824
503
870
2374
1197
4226
396
1718
1230
2227
3904
4251
3689
3392
1443
2603
3126
3935
1944
191
822
602
3685
418
2402
4284
555
2743
1454
4254
4598
590
4849
2203
2873
774
2278
990
4453
3083
1697
786
4865
2995
4927
3938
2171
2061
2672
4094
1081
3598
3417
4531
4504
2622
3216
4783
660
1809
4612
4384
4437
4095
2337
4100
4523
3123
4904
2727
3243
4725
3180
1815
2820
56
1965
4181
4268
1184
137
4240
3864
4088
3379
3485
1375
4649
2250
1953
1573
2999
1073
4608
749
3204
3351
1432
4245
764
1757
405
1153
1257
577
3528
3737
2068
2767
2507
4843
