1911 11 237
776
2246
3965
2732
1078
4438
4363
1796
1134
3779
1862
4297
3404
4147
1588
1896
249
4010
3548
1756
4281
1539
2316
4886
3994
4394
1088
3112
1216
2942
43
2725
3418
1137
1761
219
517
3125
3063
880
4798
549
4224
1433
680
3311
2235
799
652
4518
4499
345
2376
1389
2622
3700
3961
4925
1405
1183
3398
4859
3430
4527
1134
457
339
2335
1119
2995
3836
3170
2273
3439
1122
3811
2187
2395
2090
4995
3087
4947
1084
1982
4694
3393
348
4944
4295
4957
2533
590
2341
1788
4929
2832
3607
1771
2777
261
3865
2096
2774
1413
977
4927
4021
1355
4066
4046
2072
380
1249
3872
18
3015
4996
191
4636
3396
4936
1003
1047
853
1971
197
4879
3778
689
191
451
3141
2537
78
1694
4543
2662
1799
3304
2150
2535
3799
3970
4674
4675
4956
1029
4349
2527
1511
3720
4031
1790
3945
1109
2934
3417
1249
1547
4500
3549
1587
1981
3977
44
3114
1493
4321
1754
505
4061
4631
489
197
3851
3891
4185
4851
2923
4712
3885
2986
1334
1887
2439
4756
4073
3032
1533
1185
612
2807
4429
3994
1765
851
2042
3885
1690
1014
2813
977
490
4100
2202
3269
2421
189
3122
4668
530
2839
4476
3689
4176
3144
2769
962
2004
2805
4780
1898
1900
2032
3010
3431
806
439
112
1190
865
2105
1605
1594
2147
4240
1380
2663
4606
2918
3267
2681
2456
4626
3435
2734
1464
1585
2991
245
2409
4177
91
1903
1627
1349
3766
3768
289
1476
2519
3559
1368
3072
4694
2065
1093
3559
1133
2631
4101
2307
1747
1313
4881
463
2829
2264
1473
3500
4666
2561
1030
3989
3754
1809
441
924
1637
268
3423
897
871
2049
1182
2367
4818
3060
991
448
4606
1097
990
189
3873
1606
2619
697
2021
340
2110
401
54
953
4600
1368
2584
3957
2831
1710
4437
2831
4406
849
1772
199
3446
1654
3023
808
4522
3870
304
4400
4007
4169
4088
3998
4413
1737
922
186
332
766
4455
4758
1193
3457
3938
906
1037
2776
2516
1918
4531
2386
1051
1696
3843
1099
3181
1036
4913
3811
3895
437
222
2136
745
4052
1529
590
2478
446
2023
3180
464
4222
2817
2098
4850
1875
1002
2625
1381
4926
3722
2386
4191
4315
160
4852
4092
1809
3145
4540
4710
4115
1948
3922
3252
91
527
4139
144
1679
1308
612
2517
2334
4352
2353
4624
3587
459
1407
1937
1249
3628
4608
1701
4766
4140
1447
1389
806
2238
3425
4750
3439
2545
3723
579
192
4538
787
3957
4095
145
4150
1173
4356
4272
1588
3112
3623
3937
3019
976
1785
608
3459
3479
247
3077
536
605
4703
1496
3978
4750
882
1689
612
51
2639
3955
1284
2600
458
1908
888
4907
2511
2901
944
823
1604
1421
1324
2467
381
3560
4741
877
1947
2121
2003
3321
2115
4169
4142
289
1771
2208
4074
4320
766
2628
2684
71
2192
481
1795
1337
3811
3040
2042
4552
3938
3414
4443
1175
3791
1789
135
3947
4897
1984
2781
3036
3008
3405
3055
4077
3003
3827
2669
2135
1004
2571
1374
598
4302
2224
3709
2484
3115
3241
4683
194
2024
1405
706
2697
175
3270
1617
3604
2997
61
1746
43
4550
1033
928
1623
2793
3545
2972
2024
2439
660
1337
1678
4605
1986
556
3992
653
3593
2721
4602
4071
1467
4912
3565
4528
2369
3324
2918
4593
2692
792
4096
1345
2342
2142
259
4823
4795
4693
4297
3586
587
705
1501
4604
3141
989
2722
3399
4715
4458
3775
4600
22
4909
3682
3222
3737
2526
3679
2156
2616
3967
2875
760
2955
1193
89
4953
2359
4872
4483
4384
4705
2446
989
2052
507
2498
1406
1014
1004
2347
498
2027
3697
3365
1431
1777
3428
3449
4875
1724
179
4031
789
1347
1544
1559
2546
1691
4718
98
2748
1421
885
746
4522
2631
2290
1646
4729
3985
2791
4921
3361
77
1392
408
2498
2279
3793
2198
2409
61
3460
1882
290
857
14
3936
419
1028
1251
3398
4901
163
2108
1987
3477
4192
644
938
940
1244
268
3697
3204
2060
3415
1440
3069
246
1991
2839
3363
152
1709
4482
2611
62
625
3145
2132
1341
210
743
3279
3673
914
1498
4490
306
2245
1087
89
3814
588
1185
4405
2672
1066
933
2420
1913
3366
4077
1326
1838
2733
3052
2213
4559
1490
4208
4831
3596
3027
3789
3918
1386
2995
2901
249
4180
3132
1848
1762
4953
973
4869
293
1214
4425
3590
1178
2678
1947
158
32
4145
1112
2617
387
2425
3482
4256
1800
1334
709
3270
4477
4038
4626
1737
2091
3717
445
435
1828
429
4855
3324
1206
1633
2584
4160
1029
2583
605
4675
162
3425
490
4034
3553
1362
4629
1250
4046
970
4486
2544
2263
3188
4076
2774
4081
4830
3045
44
1053
2898
1392
144
2292
2514
1865
1439
1996
2804
2184
3009
2919
4432
726
4741
1284
3351
2116
2166
2407
1816
2903
2085
4385
2554
1037
4039
4399
1460
661
3658
2697
2671
2918
1868
716
4748
3961
757
2978
1995
464
3443
1401
3834
4329
4398
2162
899
3103
4755
3372
4024
4238
2849
197
1141
3390
832
304
1849
3520
4997
728
2624
2394
3090
4955
3480
1859
4355
3799
279
1714
3666
4213
2597
4930
824
704
548
2601
4702
2874
1019
1957
1763
1183
509
2359
4092
3464
2372
4270
4651
1732
4659
110
147
4019
3350
1847
28
3058
1208
45
870
4602
2165
455
637
1292
142
3568
1536
1189
2484
3231
265
1057
797
1074
333
1484
3714
2688
888
4262
3343
2716
1068
2209
480
3260
3707
162
1706
1149
4930
532
1702
1634
2211
2383
4523
281
764
693
429
3952
4033
2995
2250
602
786
1929
1571
4283
2036
3205
254
390
305
3982
4549
3840
3487
1872
3951
3810
4651
4203
2878
695
3874
1017
383
946
4025
197
2423
1561
4720
4084
2061
1066
63
4739
3544
1413
1673
3250
44
1751
290
358
2819
4538
3970
566
4750
2344
204
1928
157
894
3067
2797
471
1223
4348
3013
4412
4061
3806
844
1237
731
3665
2680
1210
4693
3374
1229
4403
103
3788
2218
3005
2178
2059
1283
774
3766
3315
2942
1094
3523
3932
2258
2315
219
4056
4623
2132
558
259
3023
4909
962
3522
893
1561
400
1966
4304
3126
2239
398
2543
245
754
4949
2617
3466
428
3773
803
4116
2162
1674
4224
3196
2993
4409
4176
1855
1412
2725
909
1059
809
3100
4767
2814
2320
1826
2978
2835
1149
2409
2596
2566
3135
819
510
1369
3667
3768
2726
4567
4581
114
2485
2427
64
301
2841
2461
3885
200
2495
2010
2407
898
2105
1912
2797
1393
3218
145
1916
2266
65
1571
3609
2245
771
4927
321
206
391
2196
3437
816
1064
4124
2107
4040
2546
4693
3129
2176
2208
1689
4049
2288
963
638
597
411
4765
887
4595
461
933
1601
778
2816
2246
3803
4724
2228
3881
69
2266
3389
3001
395
251
196
4628
4937
556
295
2423
3
1053
1133
3103
867
3471
3498
1190
2386
1902
2470
2480
342
1639
29
4946
2500
3025
1293
1802
28
1086
2081
4544
1944
29
3108
2262
3198
319
4251
2499
4197
1283
3094
4120
4663
1889
1354
3014
1770
2729
2092
2876
4042
2888
4442
4493
2646
3253
3051
393
2333
4080
1934
567
1030
4402
4057
4212
800
2046
994
3742
302
3141
1011
3028
2623
1842
1971
4969
1721
2132
3660
2111
4256
891
1576
939
3145
4983
1950
11
4923
191
3738
4579
589
1019
2226
659
974
4341
1765
2124
4349
2658
2416
3507
4929
3583
3020
3650
3585
1
972
90
1489
1861
148
1731
1011
3308
2041
4896
4467
3896
3987
4634
1461
3321
4559
2125
162
698
4454
4919
3431
3324
2387
2964
3844
553
615
2285
2910
1497
4399
3384
4768
97
4022
1803
768
4171
562
4689
4773
1503
2051
4214
3491
3522
1230
2919
705
3939
3288
2115
3903
513
3846
1756
213
245
1035
4742
2588
4018
118
947
502
3933
2527
967
1237
4583
672
1715
1554
1603
283
2817
2433
1014
2721
2294
1104
3551
2031
732
1317
2289
1542
1203
4462
833
2681
2994
1572
1226
1050
4558
3356
546
455
857
1802
2731
3212
1980
4403
3801
269
1212
1113
915
4791
4563
3746
534
4372
1251
3676
1412
3553
1772
4033
4182
1071
4698
3653
3156
3320
3593
3235
4437
653
1115
1684
4061
774
699
1738
798
800
2596
971
4837
2069
4032
3646
568
798
2004
1784
2478
4489
2858
1280
542
1179
2242
3066
568
2324
3148
4117
4582
4228
4771
2387
2459
255
1197
494
2549
658
1791
3251
2953
3439
2137
1947
3946
4097
3854
3172
2451
89
2750
4812
4329
4860
1439
2759
4616
3903
698
2949
1547
155
4659
2740
916
4016
3591
2662
1024
3402
1076
1990
2667
1362
2522
4835
1515
2304
4150
2617
3502
1078
1307
3507
1367
2361
4431
1683
4526
1360
3301
218
2209
4442
448
3653
4628
1674
4250
779
1841
4717
2568
2686
1184
920
3916
39
4608
1175
4140
3202
1698
3264
1575
1967
4398
2136
2371
3665
1753
660
2866
4785
1332
1397
2960
2531
4303
4551
643
1867
3651
3391
162
1323
2358
283
3027
4619
842
2698
960
2702
1839
66
2031
1666
3278
854
1177
1030
1481
3500
4079
2236
4391
2790
1311
2816
1899
4419
2699
4509
904
2684
2926
1940
891
4058
542
3675
2564
2109
3481
922
2194
4691
1180
2062
462
526
656
1215
3780
1273
2102
4928
313
1309
2605
660
3043
1513
1073
4947
175
3755
607
2109
3830
2551
3339
36
4693
664
1911
1149
1619
4678
4561
1087
3296
1667
4083
1381
1254
4842
1666
4212
3493
779
240
1438
3371
477
4185
376
1062
3042
4820
1471
2800
1961
3415
2122
3828
1524
2940
4798
1713
1662
738
4841
2026
4220
4531
225
4689
154
4531
1574
4420
169
2673
4909
32
1373
2272
2410
3892
977
3929
1200
1582
1460
3303
4420
2808
1204
1332
798
670
720
1355
2572
4175
1093
3905
4194
3003
1794
2888
3359
3089
2717
4176
1738
2169
3133
3119
4854
4967
3915
1172
4321
4144
4714
3394
848
2681
912
390
3555
4221
2355
172
3343
4174
968
1573
2406
1909
61
2460
2415
1165
1625
3719
3524
1362
1959
2567
1100
4607
528
2688
2406
3206
4397
3974
982
104
3449
1459
1294
2614
2400
4378
661
1786
706
2468
270
2171
547
4305
868
2433
2248
240
3895
1659
2926
3210
290
4497
1417
1720
4237
3268
287
1808
3268
3949
2074
2567
4790
3258
4320
1791
442
3575
4266
1703
1889
3286
4928
2057
4100
2352
2617
2029
1716
1272
2231
522
4846
2124
1258
3366
4427
104
2690
3872
708
2363
5000
2301
3882
229
917
1619
2444
1390
203
1501
2714
981
1948
668
1733
4392
956
348
3333
1117
1406
1708
4658
642
447
1611
3130
4203
3610
1904
1073
630
3722
1843
1972
4769
4186
4764
1668
4200
2953
3067
631
2972
4792
831
57
4079
905
898
4495
3774
4090
4450
4659
4363
2368
1916
3964
4311
559
2117
1300
697
4155
2805
135
2094
517
3884
1957
4213
