3061 4464 2826
3564
4834
485
106
3191
3277
822
4727
1489
2825
1498
3647
1181
4660
1514
3414
3836
2984
648
3012
4278
1879
1149
3651
3716
3816
1357
4299
1797
3422
691
1130
3702
2676
3861
1882
4811
3442
1229
3008
2389
52
1346
1652
1849
2138
2710
4925
2695
4894
1185
1967
3839
1766
2955
428
347
1314
4561
1539
3002
4457
2101
4018
3855
1160
2790
3652
2937
4517
4424
2164
273
4878
3214
1113
947
334
2172
3500
803
4632
2047
1793
1823
3699
4516
2829
648
3473
1838
2060
1523
1402
1672
3357
4064
1261
4979
3125
1893
4118
4776
4940
1408
3717
2009
4539
2303
3369
2346
4371
2947
408
4395
1118
3722
1316
2366
4123
60
198
2501
2665
1128
22
175
3209
86
4431
2613
637
1335
4079
1719
165
4791
1277
2610
554
1155
3339
3135
541
2623
4095
3135
77
1047
4330
4496
3251
958
802
2846
2385
1377
2574
2202
4378
3764
2857
726
220
2433
4284
1345
2644
4229
1511
307
1403
2215
1749
1521
2309
4701
4246
2527
3549
1513
1560
3953
4574
3846
1448
171
2467
1828
2494
2490
3096
1101
25
3442
1257
953
2567
1160
4844
1039
2294
970
49
4034
790
3264
3265
2482
3471
4433
3262
1539
569
2284
3667
3103
1857
223
2667
150
4457
4157
1538
1163
2509
3051
494
4440
1437
338
741
4847
157
2054
1169
405
4247
2607
4392
2891
3469
2521
4565
2231
1214
3328
1453
1156
1609
2086
2386
4306
3712
2509
2763
1488
1968
706
4145
4328
817
1074
3
2875
3334
2880
4102
618
891
2008
19
22
3375
72
1507
362
3224
1851
3083
2233
2094
4204
4656
1132
4098
3539
1486
2747
4178
4072
1115
3862
706
4642
722
2989
1615
537
2505
3701
3822
4898
4540
2503
323
323
52
4320
1779
4964
358
590
788
2206
4720
4852
4599
2785
3178
486
3494
2721
2698
1289
4086
4024
321
3168
1476
953
3665
2220
3590
86
1460
3286
1600
2287
1187
4869
4172
1449
159
1444
1104
3282
2507
3610
2936
1644
3849
2786
4482
3432
42
3045
1083
3647
4116
1854
4570
3821
3597
1309
3703
2456
1781
5
3787
2265
4568
1415
2390
384
1811
3469
3273
1972
1882
2
4453
4013
2367
2706
2176
3536
2435
3337
4539
44
2014
3582
2388
383
1931
2163
4219
384
3028
4242
1446
2275
357
1985
371
4006
3877
1399
2479
325
4941
391
2064
1479
888
43
2423
1353
4540
1254
923
3829
270
1920
4492
1896
3462
3498
282
680
1976
4601
1960
3067
2685
936
4331
3881
1378
537
2360
2659
4437
157
290
2101
4762
4264
3807
4472
2315
1402
2447
1997
3537
2242
4964
2995
4537
1813
4512
3892
772
4734
1528
2866
2485
3583
3251
259
4289
4448
1098
572
3079
2701
4773
1852
2262
4520
4360
3678
2114
2335
3273
802
3794
1497
4520
2215
535
1968
2731
1181
1400
4490
4583
3167
1493
3261
3746
406
2925
4908
897
3046
585
3234
297
4771
2560
1580
284
4460
761
4519
4830
4389
2529
1397
3937
911
4626
4174
2863
585
1530
2519
675
170
2151
1348
1297
3027
1340
1334
1750
892
176
2180
3421
2413
4051
1600
3476
1469
4952
29
1800
4999
240
345
3517
4111
4454
2491
1673
691
2678
143
4944
304
3476
291
3013
4191
1342
2660
502
1322
3974
1471
1837
2619
565
3108
1847
4471
3733
238
3355
4612
2506
448
1765
815
967
405
4470
1421
1920
4615
4290
1113
4048
3672
4542
2797
3112
64
4025
4018
4975
3485
571
2320
292
1284
4307
3822
3275
2102
717
3846
3870
108
1586
2145
1864
3481
2466
1905
324
1387
1740
2847
3537
1728
3524
3514
4750
4823
4132
116
3753
494
1615
2284
168
1210
4506
4993
4048
66
4524
2623
3953
1799
4263
4870
246
4994
4759
1065
4024
1956
705
1985
2554
2640
3716
4586
4670
2859
1847
335
3330
2939
3421
2794
4744
73
4026
2323
3754
2979
2809
2682
4240
3452
1798
1088
655
372
4454
1252
1602
4868
742
368
4216
3404
3843
2724
2020
4921
1857
872
3055
2214
949
2490
1304
560
1528
236
4620
2658
1551
3310
735
433
4641
1806
2797
4143
4931
1759
4299
3674
2767
465
4387
1382
4032
3779
4530
1884
176
2562
2152
4226
1679
2996
1695
3548
4920
4833
468
4751
3492
1347
1153
340
1626
4715
859
190
1144
4148
1808
2694
2474
1273
3752
3798
4360
2027
2970
1939
3058
1485
418
3626
2260
3941
4661
3730
2873
3874
2734
4090
3568
3094
619
4886
774
883
2692
1409
1635
1187
2119
2412
1624
3996
446
1652
4944
2389
4292
3267
3212
1851
521
3300
4367
1738
4807
1213
4727
3009
2087
3222
4943
2500
2582
1233
3402
2597
1555
4948
336
3308
2353
4064
2571
1952
719
602
2404
2688
3362
1619
711
3578
1452
556
2203
2472
2217
4503
4729
1454
2615
1088
3351
2767
4864
4752
381
4118
2987
4988
2065
2775
4190
4320
3693
1863
479
4780
4013
3523
1519
4781
4607
254
4748
458
777
3944
2630
2224
2354
2504
1586
2751
1529
2974
1776
2964
4362
489
2427
2571
4410
4813
2842
1654
1195
646
4915
1646
2692
2617
3170
572
4682
3338
1798
135
4602
2157
1819
3964
2435
4429
184
2138
3363
2568
753
922
2418
4093
1800
4153
4348
492
4149
4814
219
606
4695
2918
3580
4103
1741
3020
1337
3939
1978
2578
3495
4815
2513
454
4220
2223
4004
1446
4603
2939
4589
1230
3416
1654
3333
517
532
4734
2211
183
4500
2378
2719
2149
1601
3850
2498
1551
2048
3397
942
1349
1782
3096
3769
3728
2498
3802
4378
965
3953
3655
91
479
3969
120
2169
4694
2063
2404
4797
1391
2360
2124
4884
2820
3045
4941
533
4559
389
1336
3868
1444
586
4016
3415
4746
1728
3341
3742
2369
1468
1511
3136
4470
949
4029
163
1764
664
2294
1147
1714
312
2711
2037
2978
664
1937
1136
4941
3351
1683
1426
4331
2013
3545
693
3219
2854
1730
3489
3034
1961
2770
1591
2749
3958
1001
300
3228
113
4668
3678
4684
813
742
2482
3568
3635
1696
4431
3745
275
1978
831
4148
3116
1846
2875
3862
2950
3504
4771
1074
4952
2745
4321
3810
618
498
4993
3474
1304
693
39
608
4151
780
1565
4097
4366
3316
456
1959
4686
2077
761
2830
255
2363
624
1071
1330
4633
447
4222
2840
2848
4019
859
3510
1280
1784
2617
580
2634
3154
1209
4372
4601
4325
4879
4336
1475
2441
1783
4494
243
4446
632
595
3043
4406
2644
2491
2776
2482
1560
4119
2049
1663
486
286
251
479
2801
613
3636
1122
3401
2118
3843
3077
2724
3488
2492
3707
4077
3554
2721
3366
3569
1669
3960
777
38
3903
4133
2196
19
4627
1461
4694
4853
2236
1864
1712
3204
2102
4213
3755
2207
2321
560
2643
4187
535
478
870
3418
1555
2103
1695
501
596
4983
202
3257
2793
1541
111
2487
4644
4863
2323
3504
149
4636
4000
4732
4939
1448
4179
4568
4388
17
1374
2606
265
1710
3766
4211
1105
1131
1056
3361
2893
1525
974
543
4622
3684
4058
3428
384
3267
507
1735
3267
404
2971
1211
1361
2839
2199
1322
3532
267
3415
4800
4455
3195
4723
4650
3546
1547
610
4300
816
2757
1227
2208
1616
3472
2233
2237
1064
827
3599
2181
877
836
454
3970
725
3958
3787
287
1936
2754
2848
1227
1685
2900
4934
4666
1919
2734
2295
1632
1169
2631
2370
1945
2588
2993
4150
421
3805
1051
2809
2860
4978
3573
3341
2967
4580
2877
227
881
656
2891
433
2213
2106
3761
2720
4492
1981
3637
4232
2639
227
595
2931
3093
4208
4229
2719
2711
67
55
3575
4729
2936
1879
1726
2874
627
902
4145
4239
2361
1136
1312
1490
1810
4488
536
672
3357
1028
1425
4937
4913
4833
1184
2207
1022
2545
3162
1179
2917
2125
1800
2360
1498
3462
826
3485
2724
498
911
3425
2703
2877
2301
3715
2959
534
3157
4722
1818
1755
3025
506
2158
4118
3374
4941
4982
1061
795
3267
4905
3828
3755
3114
1911
1070
2978
3786
4710
622
4231
4485
3171
4807
4439
1457
3998
1936
334
2642
4757
4051
279
4932
568
2007
960
4446
4586
1768
3612
427
1818
228
1297
4772
622
3657
3122
796
2473
383
307
3849
2173
1829
4348
57
443
1665
4754
1022
3203
4596
2784
4950
4057
2871
1346
320
1565
2127
898
559
3797
1372
1197
3716
3802
2867
2630
2452
1463
911
905
2781
2912
3150
4289
2357
3899
26
3723
3555
3761
1780
3368
1803
136
4416
3928
134
3958
3328
2373
4534
2910
171
4722
2169
3836
416
4119
184
927
3484
2833
1611
2777
3869
4139
4494
684
4858
4254
4511
3834
1936
191
3702
1431
649
4417
1071
2045
461
1023
1690
63
1966
4692
850
3896
3510
3735
3347
1951
1076
2809
4957
538
4523
890
2407
4693
3118
2875
341
3768
3475
3459
235
4291
4958
1093
4671
742
4987
1400
4739
2380
491
3537
2497
2492
4371
413
4064
3622
2951
3224
1628
3329
37
2899
3941
3403
2664
2104
292
2474
4056
1032
1558
1373
1638
4079
2935
2906
900
3635
2621
2995
1380
3641
3849
136
3668
356
4377
2417
2581
4802
4140
1972
2820
4789
4558
416
2274
753
2935
3169
2289
1858
3397
1232
2551
4795
1932
2214
4490
4397
1485
3932
87
1448
2714
4225
4916
1207
506
1947
1272
4076
5
2516
4116
1146
2360
2266
3699
3970
935
4639
2434
638
4577
3650
3216
4087
3731
476
2661
4823
4276
2110
1617
873
3381
40
2475
3808
1595
2673
2378
79
3208
2146
3040
2682
4128
3210
4387
974
3239
4840
1321
4679
603
3333
4823
2289
4208
658
252
3095
3896
3770
3479
2392
4855
4674
2667
3801
3375
3386
3807
702
1539
1903
4637
4945
190
4132
3993
4619
1641
3278
2097
3079
3358
2938
3967
2682
4463
3870
716
2157
4523
1648
174
1903
4433
2360
2111
211
2461
2774
3519
3481
4727
1666
3110
3033
2158
463
591
1295
1111
2360
3733
2208
980
1367
2745
4326
1433
346
681
4232
2963
2340
41
2424
3877
4597
264
767
1821
4237
4851
1663
3382
1219
1355
2365
2992
3365
2630
4883
3226
512
4807
4599
2166
3588
4192
2764
734
334
2426
4686
4989
2207
2803
3947
1011
628
2987
4409
4358
2342
24
3200
1572
3336
3924
4213
1696
1921
1999
1987
1176
1734
4789
3469
2847
3023
2196
4629
2108
4830
1383
1425
1931
4393
51
4154
4239
753
3990
1340
992
4049
1848
755
1972
3613
1612
4005
1764
427
2264
1518
820
2784
4298
2501
4358
4253
4139
2733
2538
99
2594
3806
2164
4326
2125
3466
4879
1196
242
3106
3194
2129
1400
1582
687
2698
681
2842
3246
299
3479
1754
64
4078
1887
2885
2035
4537
4633
402
1513
3233
1287
2849
4446
1204
3601
1321
2201
4012
3117
3342
2730
2988
4655
3622
245
2360
3601
851
3068
4177
3509
848
2296
1761
3538
226
4578
97
1514
3012
2534
2264
4440
800
370
4168
57
2533
1252
419
860
3721
261
3658
1627
2248
55
3682
2866
3897
3383
1001
1702
753
693
4759
3546
16
4825
806
2847
3608
4415
1901
4825
261
2315
3457
791
1155
3530
4533
4797
3892
2587
631
504
2152
3227
1675
3599
1158
1944
119
215
1368
2107
1959
3843
4548
3450
3473
3999
2457
630
2416
4341
299
2293
4569
389
3027
1409
2015
3004
1757
4729
1601
3022
1239
1155
3055
572
2440
3444
1393
3742
1360
4509
4745
2102
3879
4706
4545
4262
930
3775
313
4293
3148
3418
4367
999
3988
2755
3717
3988
3445
2561
4315
264
2697
2061
3040
3986
1278
1151
524
448
2064
1798
4146
2589
3720
992
1026
3755
2756
3827
2933
2509
1553
1587
2134
4671
1018
814
897
3908
4930
394
2022
2795
592
3162
4682
1679
657
185
1057
2421
2664
307
4235
606
3160
2076
767
416
1812
3153
564
4485
3967
4197
3236
666
4211
3615
4281
3673
1401
2049
1604
33
2076
2780
4726
3266
3763
1577
4366
1455
4795
4591
4377
2125
598
2282
3440
2289
4156
3396
4601
4853
646
440
692
1930
136
3392
863
791
3599
4382
2900
1758
483
1717
1025
4413
1738
501
2386
3690
853
1683
2754
4477
2207
3795
1396
226
667
3809
4485
2655
685
3423
4794
1469
4477
308
83
4374
1400
1086
2277
4173
2394
124
1141
2944
3125
2834
961
226
1104
3944
923
1024
1264
4146
861
3506
3894
1542
1273
717
2766
3943
522
1470
3934
2011
3936
4903
4215
4545
372
2115
2659
2304
4795
4779
703
2155
2317
3774
4766
1316
340
1065
4040
2996
2643
1912
2416
1457
4843
4646
109
2153
14
4782
2635
2117
4772
4613
332
3519
1526
2582
2965
3409
1146
1180
2902
698
926
2519
116
2685
1733
4876
2445
4355
2720
647
3404
2256
1601
2826
1473
2144
3752
3230
414
3183
3889
4169
645
4285
3816
1263
2080
3233
3270
3880
3571
176
2363
2031
3638
722
4448
2295
1654
739
340
2309
3953
2258
3943
4466
1435
290
3816
179
1852
1344
4374
3356
3000
4441
4984
1369
4796
4494
2593
3109
171
434
1645
2436
2212
356
2610
2969
2964
3905
4716
1963
3463
2650
3809
2655
2711
2664
3319
2999
152
2306
658
3109
3516
3111
356
1826
4001
3242
2182
1526
2172
2269
4526
3274
2116
2633
3575
2271
2947
869
990
3166
538
579
1456
1600
1522
2751
106
337
215
4943
4675
4948
3874
3617
2583
3600
1942
3968
4459
4168
3817
616
603
3859
437
125
1125
1025
4669
3032
340
3202
3460
4339
4379
2469
3538
1922
3756
3393
336
1623
4010
2667
1816
756
1400
94
4828
4411
4042
1755
4036
4072
3688
4772
2835
2575
3372
3710
766
599
3866
3084
2658
1619
1132
4434
722
3661
429
3310
4223
1447
4791
2732
174
2781
1601
1458
3046
445
1169
4602
1190
2985
4346
2713
822
4394
1650
2859
3884
3880
1687
1824
1001
4544
881
4006
3682
2724
3851
1292
1815
4395
1736
3970
4861
2444
1882
2161
2320
4378
3807
4819
1680
3636
4746
3599
1963
2140
4102
3728
1009
4590
1645
3513
2175
4790
2473
2279
3141
2593
3065
2331
2052
1988
767
1265
4739
4511
110
590
3965
648
3319
3835
995
4134
328
4861
1618
143
844
4080
4887
4316
2853
1050
307
932
461
1270
842
2335
4730
4799
356
2750
552
2030
1572
4193
2764
3478
1023
4946
202
4552
4372
4974
4575
280
2860
2717
3004
847
4017
3647
4150
4424
818
4917
3586
2636
3968
4880
2525
2129
4801
369
3535
3773
2576
2626
3243
4158
780
2164
3203
4739
4907
946
462
311
3282
713
949
4829
1167
1645
971
2056
1775
174
4204
686
717
108
2753
2796
941
4509
945
2091
501
494
2698
300
2292
3246
1544
2933
3087
4977
2285
1274
4236
4995
1549
583
871
251
4322
2356
1124
1839
3725
2487
4552
4922
1257
1925
4638
4182
1024
3271
847
3004
1527
2215
1675
2927
509
526
2127
4742
3391
769
3273
3588
209
4271
2281
2545
1184
3488
3061
609
3436
3196
3235
3764
1253
1555
2
1590
1089
4259
814
3003
4953
1778
115
3419
1868
4965
4393
2198
950
1803
1552
1984
4634
503
529
2181
297
1812
1324
3603
1064
3298
4738
1765
1438
4621
4644
77
1558
2911
593
2863
1402
4929
3579
2928
94
2175
129
2436
485
3436
3621
1879
3543
3471
3244
4344
1915
1698
1920
3189
1713
1327
3048
3345
1260
1784
1540
3209
511
2910
2826
2290
3227
4931
644
3849
1768
4967
3359
604
584
1122
2417
4638
1158
1305
2552
71
3325
3138
1889
4949
825
3925
2322
4189
1755
76
1254
327
1679
740
233
2831
3613
2738
2930
2746
658
1956
2939
2828
2678
4446
3095
2677
4533
2687
638
1630
1710
3030
3627
3748
2312
4616
986
947
4005
4372
1261
2499
4065
3941
4720
4298
579
169
3303
444
66
687
2843
894
742
4035
780
1444
1680
4
1409
3093
283
827
4763
1186
3958
2089
2594
4858
1653
3523
3621
3738
3958
1397
568
2074
1539
4298
3669
2009
3581
2805
1225
3675
3763
2292
2827
2255
311
4370
3740
2710
4721
3564
2152
3412
1993
4677
1584
745
3141
3605
3813
4254
4361
115
4749
3900
3650
159
1460
4967
3447
3064
4369
1296
2721
2633
143
3605
3612
2795
212
2366
809
3324
553
874
1018
1362
2161
3166
2857
1941
4453
2658
2937
1391
4309
4031
3512
4774
3687
489
815
3384
4245
1614
4760
3624
2858
2266
278
1304
1399
3984
894
1353
39
5
1299
3476
3719
1534
4627
3209
3370
4815
3179
2636
988
1864
4378
1114
1722
2485
636
605
510
4810
261
2289
2767
2794
13
361
4015
3066
4094
4778
2720
2480
4202
3489
4187
2828
1699
1948
4745
1913
4861
4627
4862
2959
2639
3638
1562
1488
2437
3442
25
2335
25
4336
3729
2586
3715
1106
3371
859
940
134
4479
4705
115
4514
29
4629
3392
1575
1202
1432
945
1088
4171
3866
4845
2833
2027
3763
1535
2536
4408
4154
4865
2676
4689
3408
2260
584
1713
3574
1537
1649
658
362
4725
1659
2705
456
2468
1163
4173
2489
4335
536
3266
3198
4141
307
2157
2011
1174
907
2704
2937
3086
1606
1219
1586
1033
2649
876
3487
3522
2517
2920
3477
1477
2689
1275
3330
117
4439
2276
1115
4511
4776
2209
4604
2793
1200
4991
4343
549
208
3187
2069
148
2950
984
835
4856
765
2156
686
1736
2221
127
4791
4499
1083
2292
2655
1329
2779
4571
337
890
4872
4629
4905
1981
1068
211
3640
2358
1091
3978
3239
593
2224
1664
4627
29
2677
3540
944
335
2815
913
4073
443
4846
4976
4147
3300
1192
1031
2483
3850
1936
2567
881
3659
2355
4018
3030
2739
3575
4427
2590
