1679 1278 4198
1558
96
2537
2802
1899
1796
4958
4379
4406
3135
2688
555
560
4739
4987
2377
2415
558
1968
3510
1608
3244
2927
1228
4930
4378
608
4336
383
3041
2384
1610
3145
3094
3974
3614
164
1970
3335
2131
68
870
122
1425
1557
3592
3474
598
3551
1557
2260
1177
1430
3165
4612
1588
3830
3805
2308
3005
826
770
127
19
1518
679
1006
89
1504
4796
4067
3371
4740
1375
1778
577
2223
3780
4630
4237
1630
1868
2550
3920
4383
2664
2201
3427
2294
4547
2537
3401
90
2461
2697
3482
3441
1487
1333
4610
2387
4470
4940
2464
1972
542
800
1273
1379
2806
3013
2387
1116
1825
4201
2036
1898
3740
269
3781
3370
3960
891
2411
1858
3559
3731
1285
3932
4634
1465
3354
3870
86
1341
3821
3358
1381
1858
353
967
1418
4232
221
4198
3187
4779
1733
370
2333
1927
1572
3639
2713
713
374
1224
1967
1066
2487
4453
228
478
414
1309
2560
858
4324
2486
2814
4738
1836
3146
395
1137
2258
2903
1121
857
3348
4169
4996
1540
880
1510
543
4200
1076
4015
3758
4838
1810
4367
4158
402
3363
2472
3980
1260
3236
144
3945
1227
4344
4051
4912
820
1241
2490
2429
4720
3761
4948
3077
3787
3484
3082
1805
3616
4670
4031
626
2718
4324
3646
1646
4121
3819
3802
2494
3437
3973
192
2203
1084
4846
3124
4107
3146
1978
4472
2610
819
1837
721
3267
457
2232
1710
4102
4170
1149
898
4619
1735
4623
2889
4342
1602
1487
1756
850
2058
494
2810
2642
4700
3466
3616
3648
4566
2203
3023
1985
4803
835
2595
315
855
1269
613
407
1750
1221
3718
2156
2584
4440
1509
4109
4672
812
1436
2154
1814
563
3637
246
2685
1646
1746
3072
795
2434
2929
1951
1748
1583
2574
2351
4704
4787
3202
4747
3810
3331
26
1317
1104
3361
2658
4
3325
2429
4374
4994
1723
4118
1264
1421
1527
10
1874
4180
2429
4664
1498
1944
559
1456
537
751
158
1331
2005
5000
2417
4824
2921
1689
2321
4005
470
4081
4500
795
3161
1895
3523
2404
4377
3146
141
3844
634
3083
1470
3263
2730
2728
404
2346
1998
4065
3214
3815
3440
4708
3278
1186
2402
4055
4857
4735
3751
4232
4161
3990
4907
4568
267
3261
435
2963
271
3977
2842
2859
3734
1467
4221
1022
2193
5
3801
3627
4702
4487
995
3675
4561
4357
4916
1591
1397
2528
3466
2524
738
115
4450
80
1065
118
2757
3998
605
4679
2950
4072
3314
3814
139
3484
2359
2542
4186
3105
4001
3995
480
603
3150
2486
1787
4814
334
472
3962
2627
1831
3346
4884
2542
1082
3646
4790
1434
3163
2997
1632
1699
215
533
3429
2930
2833
3124
4245
1026
4389
3119
3884
1930
871
1119
1206
4436
2193
765
2836
377
1009
2660
1501
4383
3934
334
1915
2498
4247
1397
1114
3879
1823
4701
4711
2680
4706
1965
4281
1966
4466
1434
3497
826
451
3161
1524
4579
3424
3217
3677
2554
1194
3143
4154
773
967
46
135
762
2266
3879
82
3527
190
4921
1999
3507
2112
156
3409
2439
4796
2696
1201
4699
4613
4660
245
1428
1569
4498
749
2279
985
1029
230
849
4150
4850
3800
3340
1732
1002
398
2873
1054
4764
4627
2591
1496
4860
3019
1758
3904
177
4567
1064
474
4606
4362
1275
1299
176
1453
1565
927
1434
1886
538
4147
1815
1115
4707
2430
1894
1122
4808
1658
4594
674
4889
2834
1486
4100
3018
1710
142
1185
4359
840
4881
3828
3532
3599
3752
3458
4228
3238
4303
152
3803
2857
3860
4694
2094
1520
4149
3600
2418
1095
1403
1980
2585
1012
1978
1434
4958
1501
3770
3190
4044
2376
1890
3750
4304
1582
1849
941
4912
1594
4912
2276
3230
1517
4830
3030
4032
4055
3651
498
477
2568
3805
1988
4414
1597
2369
4222
499
302
92
4050
1020
275
2850
982
3269
3025
3150
1963
4780
3442
4497
3145
1553
461
4185
1947
2928
362
4418
4818
2442
1535
4761
742
4334
4498
2440
3177
2874
167
2185
202
4924
274
2529
524
1646
4499
3715
3920
4349
4061
50
3448
389
3503
2062
3277
2650
821
2709
3538
2783
112
3320
3024
2766
1898
2802
1552
1156
75
2037
4591
4290
1044
3362
1067
1290
3006
2627
3082
223
3524
1858
3243
2199
3535
4262
3100
1823
2830
2325
1960
204
2457
3091
3659
2691
56
4194
1266
4871
4443
559
3861
4015
4169
1484
3619
1409
3094
3582
2954
774
1294
4017
4896
4152
2724
859
2021
3427
4784
2900
4202
3406
1026
604
2945
588
2112
731
4253
3994
299
4125
150
759
1167
4358
1081
4080
2995
4041
167
1047
3106
3621
4302
2451
1167
2518
1663
758
3747
2479
1028
846
4490
4598
4403
119
2995
1698
1311
4046
459
426
2756
2981
3935
3079
3773
3006
540
1977
4856
52
4130
485
3012
3832
2126
4511
3833
3378
3057
408
1651
2517
2899
1004
1419
3142
4203
913
4691
4746
2087
3153
3154
184
4026
2047
2287
4578
405
3730
801
4906
3753
170
2449
2771
778
407
1496
2108
1462
4471
3228
25
313
4046
4945
765
734
3590
4812
314
4234
3345
1320
868
3671
4962
388
3523
2797
1376
1338
4947
366
3592
4026
144
3761
3872
4770
3854
2030
804
1899
1415
3036
4141
3157
4674
1238
237
1816
3230
2321
112
4956
349
1513
3209
816
627
1624
3486
3487
4068
4590
1305
1307
4424
2709
2505
3515
1047
757
61
4270
2919
4215
19
1911
2177
1713
3545
1296
4067
3408
1462
4286
4520
4028
3026
497
3875
3967
4878
1772
2391
4503
753
4498
3961
1336
364
1411
2129
4370
2156
4610
3167
683
4134
2631
250
4442
2815
2770
1868
4336
3406
1666
4970
3275
2830
2144
3150
292
174
46
44
2692
1170
3836
279
2349
4777
1298
4304
188
4644
1999
854
2476
142
294
1636
3423
1502
98
4896
4302
4567
4571
829
2146
1411
2912
1764
4141
332
1889
4432
766
2882
3479
1815
1708
2492
4810
4407
2315
3503
998
27
433
4652
888
4685
3962
1491
2340
150
591
281
3054
4065
754
120
325
711
3824
2590
3482
4851
4200
2311
346
4039
2588
1423
1035
1536
3518
4482
341
4135
2263
3644
116
1690
1817
1417
442
355
4098
4699
2509
4869
1061
4693
3454
4180
3942
242
3700
2960
2462
4822
1930
3898
842
1395
3261
1776
1245
3705
1702
3076
1604
100
2297
4508
3509
1912
716
5000
764
2519
425
1093
3138
1880
872
1694
283
21
4600
1743
4163
943
1155
3673
1921
3025
1504
2054
2555
4970
274
3912
2032
3012
4404
3632
3633
2081
1903
4926
461
676
3337
2582
1065
399
2743
4169
632
425
3720
2817
4810
4076
4486
1094
4529
3058
4496
2709
4023
1135
1916
2770
2206
4962
1330
609
1368
1621
3158
131
747
2136
1145
3962
4366
3762
3372
3421
3676
2054
271
482
2028
2785
521
2965
1097
1689
2208
3240
3894
3462
3285
3805
4488
3417
2338
1929
4668
4974
633
1606
4499
3491
2832
4356
1944
4471
3816
3338
2413
4362
3710
2665
1683
4494
615
3669
4037
575
4284
1826
749
4018
2670
2341
1185
4730
1322
803
3021
1695
619
2047
1098
654
4913
930
577
835
4415
4432
1354
201
1493
4401
4847
564
3810
4526
632
1786
891
2910
369
4739
2328
4600
467
2631
4385
2915
852
26
1069
275
1913
4840
2633
1078
1888
845
3820
4717
291
2947
3069
996
2868
824
1569
1387
2388
3875
3344
4702
4913
774
4359
3433
2867
2324
4386
2135
3342
1903
645
2978
711
4878
2686
2257
972
98
4579
776
1870
2597
2672
2639
1969
4290
4377
621
3987
1490
1492
3021
3731
2707
2850
4847
1227
3644
3831
1344
3884
4485
228
37
1000
1080
4136
3699
4641
15
4694
1927
2877
2913
500
3780
478
2094
2703
615
984
3663
2787
4308
2070
3239
3229
3986
2688
2712
2125
486
2624
1309
3354
4408
1028
2617
1672
2086
2651
1500
1892
1084
1086
835
954
2164
2294
1755
815
453
2428
4158
3337
720
546
2925
3564
1919
1721
2936
4308
949
3909
746
2749
3377
3487
4253
1707
4403
4939
1687
3509
939
4420
1464
3977
2183
2914
2452
3944
904
1869
2959
4528
2165
1371
160
1925
4364
216
2807
2811
875
4560
969
4524
2305
3042
621
3315
3456
417
4774
4932
140
224
595
2186
2018
1613
3745
3349
905
1364
152
2458
2695
2548
819
49
1724
2973
4727
3455
84
1766
599
1990
4794
247
3346
1063
3764
289
4394
2632
4495
3724
42
1648
2774
2307
230
4788
374
3798
2992
3874
1448
1299
2794
570
3161
2263
2299
3165
2114
3385
1061
2495
2787
2817
1138
1040
2635
487
3163
1513
2109
2657
924
4354
3056
514
1016
1056
3366
3839
2189
2051
4299
407
4517
4383
4613
491
4189
1803
1285
661
8
1451
1040
4961
1335
4885
1029
4419
134
4441
792
2482
1342
3407
1222
4705
810
615
816
4942
160
3108
4909
4480
152
4740
311
4677
2750
4551
3598
2375
900
1342
2676
2275
1627
3532
3895
2434
547
3985
1343
1536
992
483
4176
3594
1895
3175
4021
1667
4296
3564
3472
635
4239
1914
4362
717
2627
1378
295
4175
972
2508
3022
1554
3198
587
231
1839
2170
3856
2845
1476
4531
582
461
3422
4435
177
3812
2788
3221
4742
1717
3484
2179
1437
1848
3880
198
3
2800
3491
397
4289
4779
1321
2006
769
495
2141
3613
670
1733
4598
2970
3872
3387
757
3458
3485
2558
1424
4885
4938
4024
1386
4457
4873
3533
4607
2742
1708
3309
734
4788
2369
2731
1735
3377
4783
3269
1864
1407
2816
3606
4573
1122
3124
599
3265
4780
850
1079
426
4387
647
4776
1256
2373
3557
2715
4782
