1861 4348 2866
2942
1123
2180
2883
4436
4761
559
487
4934
1645
4812
4734
2279
4908
2692
4841
1572
4285
215
3725
2703
4825
1296
870
4098
4026
2683
2822
3416
153
1040
3335
2406
780
1964
3633
844
3049
2389
4350
3365
1239
1222
927
4664
2333
3219
838
4202
4446
1090
4122
1042
2302
3412
4601
1719
3084
3237
405
3889
2964
698
3527
4084
3283
2044
4089
4698
2415
1648
501
907
1050
720
4003
788
603
303
1409
1377
3076
3908
3226
2884
1868
3227
1669
3121
98
729
846
2639
1626
392
4221
706
2489
1127
3994
2454
4908
1076
4291
3345
1854
2272
1309
4861
1424
3530
4991
3325
1116
3871
3484
1393
2832
3022
3192
3139
1108
4024
3259
889
469
1044
4162
2768
3319
3063
4184
3576
926
343
2301
248
4171
2806
1060
1783
2002
2594
1740
4812
915
393
4862
1468
2215
3252
4475
4602
1877
1302
3058
2616
2055
3736
4814
1044
308
953
592
3303
3154
3484
2724
1897
4750
1158
4996
2216
2520
4135
1406
4215
618
1604
1891
1356
2735
3984
3111
4622
1226
2344
4535
3723
4605
4221
1682
687
3077
1545
4972
2949
30
3667
4206
4982
3070
4644
1957
615
3262
2487
351
3298
2904
4166
3361
4282
1484
4241
3267
1097
226
339
2677
2662
1250
1896
4172
2896
2693
1104
1589
3682
1211
90
2678
4846
3307
1721
2115
4246
1764
146
735
2403
4644
2503
3515
2984
992
3184
137
2088
4792
1859
4851
2262
603
2428
181
4785
4816
2867
4320
2246
1399
2150
74
3707
287
3572
106
4742
1953
2299
1270
3030
3148
3958
3702
1936
3470
3919
3711
2243
3888
4011
2866
952
2680
24
3764
3946
2780
4020
3282
2993
3969
2509
149
3496
2122
912
3421
2281
2368
1211
4176
1476
2671
3879
4858
818
2406
2216
4460
2306
4619
4509
788
4383
3797
4714
909
1158
1820
2233
649
3219
3917
3653
138
3097
4964
3286
1250
3182
1457
995
2511
4347
222
4118
4370
2566
55
4464
2684
313
450
1596
1067
4173
3432
4812
2808
177
1419
4928
2331
2020
2044
1267
2222
2778
1351
2380
803
4723
3872
3919
4439
4249
480
3659
698
594
2594
1976
1671
4217
1218
2709
2556
3365
2846
1723
3018
3743
3789
1316
2052
827
3256
3340
1852
4891
1157
2676
1293
2447
134
300
1707
3735
2930
1886
354
3935
1201
3079
8
2814
437
3440
2880
2376
543
713
2314
1200
3602
4035
4602
2592
573
92
4882
776
1776
2577
4016
2707
4705
2728
3196
3583
2482
2929
3992
3627
188
31
4143
846
4424
1709
4640
506
1102
4410
4056
630
4724
2520
2908
1968
3812
1946
3489
759
3988
4410
1217
2585
2743
3058
927
506
227
2922
1651
1853
1795
2512
1307
3385
4361
2829
801
4439
304
3713
199
1416
2592
2358
276
2197
3832
4487
244
764
3986
1456
3585
4441
388
3656
945
359
1216
1292
2125
4411
4486
1226
1121
2557
4006
3072
14
2314
4928
18
4377
4642
2920
3272
2989
3196
3743
1735
1055
281
754
763
4608
4827
4816
4754
2955
717
954
1654
4820
983
1237
3096
4028
2780
2933
2301
413
1506
4782
824
1326
498
759
3191
1203
1295
31
3906
2131
741
2217
2830
3163
110
4742
2494
2723
4443
2128
2657
4987
4010
1937
624
1714
2905
2959
4271
2731
692
1620
3468
1100
1209
1006
4509
444
2632
4651
2085
752
3851
4298
3304
1076
285
3811
777
3472
4316
2786
2715
1894
297
3652
4283
3198
3267
131
180
619
3627
205
2321
3452
2134
2585
69
2781
2656
3464
3309
4229
71
3725
1138
3354
1945
4440
4196
279
1834
3259
3820
4928
2630
2632
1012
1750
4990
2507
3415
1030
2159
2728
4418
446
880
2145
2507
549
2501
2539
821
119
4793
658
1376
961
4057
3655
3088
1453
986
4160
429
3357
2210
4591
4537
3577
1716
194
1861
4903
2392
3096
1896
3332
4181
369
3332
2853
3271
1698
4315
3246
3703
4432
1430
1737
1948
1262
3500
538
4525
2565
728
1710
4890
4633
3023
4547
3507
4229
3874
3674
1367
4693
3398
122
4450
4926
1091
3875
3803
4646
4208
816
4154
4133
2858
9
4871
4602
3312
2890
1049
3812
2364
146
2153
2510
695
2135
1505
2034
1931
1194
940
1686
4077
2331
3142
642
10
4239
4062
608
2560
3012
589
4965
594
4810
1299
2704
4427
3264
3906
193
4479
455
4829
1973
1118
317
50
4741
3945
2849
2776
2395
4349
162
1550
1319
4581
1509
2145
732
3420
4767
1624
533
710
1183
111
2978
4195
3738
3571
1885
2585
2608
1555
3080
3195
2354
2585
3464
2676
1912
1864
3060
2414
4169
1001
1684
4946
1866
617
1544
832
4746
1198
3513
988
4757
1313
3803
4757
2322
2537
1584
2013
1229
1513
3639
1914
3652
4281
4678
1302
942
11
3758
4168
2647
4562
2763
1780
923
1198
1964
693
4195
2422
2657
1083
3008
2914
451
2060
3506
1709
2909
2431
2593
1174
4508
3299
4797
2164
4658
3100
1477
629
4773
2312
2042
1500
3460
3544
2499
705
4655
1058
4984
1879
3704
1369
98
990
1273
4634
2939
425
3258
2738
2736
1751
442
1947
920
2639
1458
1076
1348
487
4104
4241
1449
1186
679
1312
579
1373
2752
1838
656
3752
3355
4639
3603
2963
1962
3635
1630
3444
3368
4059
3590
3652
649
194
37
3255
3184
3681
4617
2639
785
2196
2925
3369
1916
1170
4095
4548
2241
2238
3803
1058
2736
870
2274
4345
3453
1425
4231
3434
827
3556
2858
1323
1205
584
244
4638
4155
3380
4727
4792
1196
472
578
2510
1752
3918
4371
729
1976
2095
2621
3326
1915
1844
3002
4587
3923
4811
1453
1453
1673
2643
4429
3358
858
1324
3543
1552
2196
898
2024
1510
2346
1015
2839
1393
718
3334
262
2144
3296
3210
3442
4698
212
1212
2546
4732
3420
3402
175
602
4893
1818
112
1298
1646
2777
2259
3157
3231
3713
1718
2459
3805
3552
4668
3226
2489
2299
859
4015
233
4633
2634
2385
2979
1357
808
4722
2256
1295
1385
1216
2541
2964
4870
2529
1114
2753
999
4367
3426
2175
4392
1094
4225
135
813
4317
4434
1632
4411
1459
1276
4026
349
69
1767
3289
4440
4137
4358
2139
2551
3604
332
1014
2133
641
4411
3003
369
1145
1324
2598
290
4968
3114
4933
1970
589
4860
3035
51
4898
2596
4015
1518
1893
4495
3129
2019
1514
2186
1764
3654
4001
4665
1224
78
1990
4184
4235
1071
1317
3770
2472
883
3997
1807
4761
3981
4386
4432
1652
425
1657
1905
1959
3840
2946
1810
1538
3218
943
4085
1835
1331
2642
2043
3279
3765
859
144
887
1535
4734
3743
852
3016
4897
4702
4411
3272
2701
4622
4384
1646
3789
4696
4013
2509
2070
2514
3018
3958
4050
2283
3858
2591
2407
1018
1034
1080
3901
2040
3189
64
3815
3417
1667
2303
547
713
807
3724
1509
1058
3622
3596
1124
4632
1234
2938
1697
1127
371
1194
49
137
2160
1124
950
2155
3143
4239
4206
3622
1690
1011
2352
615
1271
4367
1280
2354
635
1946
595
2927
2800
4897
3423
2048
3276
4571
3960
4970
1600
1827
1767
1678
4167
3149
1274
697
4551
794
55
1360
704
2409
1579
4178
3809
3231
1865
2507
1558
4846
3719
34
139
934
2478
4729
3204
3933
2874
3550
3696
148
2203
1938
550
275
1383
436
2492
1056
3791
3775
2451
1427
1583
2020
3663
1908
348
4985
2450
652
3288
2403
62
321
3073
677
4600
2485
2870
2600
2819
475
628
1251
2189
4497
2730
2410
3078
3373
92
3423
4236
3696
744
580
2622
1371
3562
1202
4699
3962
4683
3436
3097
1742
3111
667
2044
1573
3654
3419
3223
4351
965
2351
1972
4114
4683
4865
908
4556
4902
2455
3630
3640
4422
4824
497
3931
2159
1022
4162
4212
2507
361
504
809
4289
387
3064
369
686
1098
4907
3389
3282
3395
63
2303
3325
858
853
3436
3543
2867
4006
1920
3491
1966
4102
287
3493
3507
3772
4304
4714
3857
3556
4572
2310
4698
1401
4706
3518
1405
627
1485
182
4454
1546
3349
4388
4954
409
4389
1635
1023
181
4221
1179
222
3049
2607
2217
4406
4055
395
4785
2257
4726
3018
3823
4628
4256
1285
3181
1644
4417
1020
2971
3822
2153
3979
3812
1907
2364
3110
507
458
3774
3525
1573
331
71
1380
3999
267
4071
2145
3853
1270
415
584
71
1671
4806
4485
107
1091
240
4075
1812
3174
4649
4445
2764
2420
3864
2889
2728
2775
3460
3017
56
3463
4673
251
4205
787
938
1994
1982
3060
1385
1770
4410
4526
3628
76
4829
3816
185
756
3809
1012
4489
4761
3475
2339
876
4099
1963
2163
1172
302
2979
1320
4743
1875
3472
3652
1632
139
4481
4872
3543
429
4952
4707
3231
3485
3499
1787
4078
1352
376
2315
3988
2799
357
1021
4331
4666
3950
3312
720
2603
2070
1597
1475
595
1989
2367
1286
4063
4586
3949
2306
3015
3274
4689
1930
1778
1741
3059
3059
3401
411
1673
1618
4723
1741
4714
1816
2254
2162
1805
489
2235
1185
2673
670
2696
2728
4620
2
3399
109
1366
4064
1353
952
4730
655
1708
4717
3375
3007
922
1335
845
848
4877
4998
1314
1986
2222
823
3307
3915
1586
4863
2397
3572
2412
350
2201
597
3547
3517
1667
4237
2097
3600
4537
2142
1602
3738
3421
2428
3325
4827
4471
1591
1780
412
4302
691
1632
1171
28
521
776
4012
4439
3675
2261
4441
3381
3892
55
2498
695
3315
3900
2646
4439
4368
867
3394
1764
1905
824
4786
3650
3052
4397
2328
197
1067
3668
908
472
1985
4297
1263
572
1363
2030
4122
2715
1660
3811
1043
4484
2165
2751
4503
2718
2445
1894
307
2554
3360
4034
2129
2659
1044
1754
2240
2590
4089
3877
782
776
3163
323
2979
1176
4042
4611
4164
4092
3547
4511
4927
296
532
2841
1070
4067
73
2269
1076
3574
4085
3909
2024
1566
2795
403
2867
280
4925
3275
4434
3095
2633
477
3490
1013
1310
1581
1987
3003
4558
258
3523
4353
2494
1712
2981
3404
2178
1922
1106
4696
1348
952
3542
2896
4329
3461
4820
1236
77
2516
3711
3633
4579
4244
2537
563
2996
2863
2758
491
3629
2820
1044
575
3332
4228
2220
1706
1205
577
2544
1875
1424
1179
4483
4416
1543
205
3534
896
4537
2620
3940
3700
852
4987
4091
2668
4101
1277
2976
2802
3464
2073
1107
4194
4505
2808
2825
2424
1384
2550
530
268
1130
289
4708
1236
2163
3022
865
4092
3342
4276
3230
3194
1056
364
3420
1717
3375
4645
3354
3590
3283
2571
1016
4689
3959
4738
4029
2594
4335
3957
770
4348
126
2858
4240
1123
2988
4446
4876
4099
893
1277
3577
3659
1346
1641
3354
4017
2448
1450
2107
2676
3119
2147
3972
2862
711
2610
3991
