3564 4957 2859
4241
1602
2650
2034
195
54
1693
3689
1293
4471
3324
2285
4601
4202
4488
4546
2286
2754
4129
1239
1644
2866
1215
855
1841
1477
3098
1558
3160
258
468
2024
4151
4207
3855
1708
2752
3452
2176
113
2570
659
548
2399
4768
2653
879
3868
4297
989
241
3171
2411
1428
4895
2711
3270
4758
2727
1228
3955
4570
2675
2956
3677
2089
398
3135
3767
3208
2330
177
4886
649
3034
4862
3742
2373
2924
1818
4328
4515
4456
1426
3056
2492
2223
4231
3686
4161
4462
2476
2750
3262
3060
807
1792
1443
4836
426
4631
371
2797
103
2977
2218
4545
1885
1831
2100
2685
532
3861
4419
2194
3422
1689
1836
572
975
2733
118
2907
2876
1807
1183
4231
3198
2189
3943
3130
3471
54
467
1511
155
1551
3394
2728
4714
334
1351
3847
4986
1594
1461
2399
4051
41
4285
4449
4646
4108
622
511
678
404
588
2652
4554
3890
1581
1798
1676
2196
4237
3505
2458
4518
97
1011
2181
3166
3479
104
3859
1766
1620
1828
810
884
3374
944
1768
3420
3019
3264
3447
4240
79
4814
1064
3478
746
957
1111
646
2031
620
4521
1324
1477
3263
1313
3352
1706
3308
1390
1869
911
2692
32
604
2359
4770
4588
1112
3095
100
4298
1720
3272
4907
4291
544
4827
3153
3490
441
3353
442
2207
1850
4435
1955
3757
1417
3068
1114
1212
2988
2515
1374
1001
4067
2002
1260
2236
4494
3807
4365
4660
4889
327
2272
2340
2328
847
2403
2948
2698
1563
3202
4039
4601
1078
3900
3055
4270
1307
4045
3322
1289
3898
3890
1786
4850
3742
2211
4443
1758
2880
3666
2615
1434
4647
3031
935
2988
1466
1994
4308
4488
1124
4799
4189
2776
2021
2789
38
4058
4594
4960
658
696
1016
3097
4967
709
3697
3112
888
3965
4780
2963
3705
2573
1352
322
1165
2929
2868
4768
935
3048
4487
2212
4792
1617
561
3445
3934
4076
4358
2959
2049
2396
1205
540
55
4365
804
4781
3189
826
1926
4596
3314
2877
2145
1751
1292
2047
2165
1404
1379
751
2956
4339
79
1335
4094
2537
738
2275
3945
1396
1192
4938
4194
4144
879
1159
3866
1383
2039
3995
579
4809
807
1296
4898
4294
3816
2940
907
4843
3655
1376
4151
416
1843
89
4995
2997
3668
3127
3984
3768
879
1930
1888
4147
2284
3785
3706
1295
4889
3794
3298
2026
1672
3110
4350
3333
4098
2976
2551
3457
1156
131
4069
2645
596
4329
4539
3517
2260
770
1354
1516
3581
4462
961
2652
2656
2900
932
2063
477
2998
3438
2062
1328
2599
1538
395
49
2377
3641
2404
2151
4434
1359
4571
649
2693
1101
2402
206
3739
1986
550
2378
179
3640
4580
2459
4036
254
2182
4467
3487
1048
3769
3909
2181
4024
1057
518
3288
1177
696
2922
4026
4620
2876
4850
1686
2365
4140
2555
3575
1221
826
4545
181
590
763
1650
1999
2939
4651
4353
634
1122
1988
4439
476
1961
591
1949
1492
2238
4551
1937
4068
3964
3361
1293
2259
3254
542
4429
3345
3391
1762
1434
1214
2373
3992
104
3641
4915
1254
3724
3676
4340
139
1729
535
2273
710
3905
1638
1320
1354
3824
1290
321
2965
4595
716
4354
2630
1001
2870
461
1968
2348
548
4178
470
1712
4769
1529
4895
4526
4079
3920
3458
4650
2479
4344
770
3667
1393
4496
899
3357
1949
2895
1684
3328
253
228
4593
1146
1988
289
2517
1783
977
291
1422
3226
4684
996
955
50
886
382
2054
1890
4921
498
3180
2349
326
2817
2925
4371
432
2975
2682
4869
170
4917
334
4785
4009
893
1709
2642
704
2975
1175
3818
3906
3545
2431
178
2660
4254
418
2616
4061
2517
4897
708
2638
1095
4292
3759
3539
2305
1585
443
854
4483
2682
1195
1132
3459
1999
2112
237
2237
1430
2102
4087
2313
2781
638
3526
582
991
1305
2612
3642
4011
2860
3716
474
4625
3935
1653
1523
4021
3659
40
1331
4803
2533
4458
1469
3771
4734
3389
4872
2523
2556
4903
3377
2816
4304
519
1672
4197
214
2559
4044
2816
3312
3251
1017
2575
2831
3256
2775
3593
207
2235
1515
4930
1836
959
1649
1979
1402
1359
2765
4100
834
3231
380
3703
4130
2567
1259
4201
1550
2839
4141
4463
3176
1108
2655
1100
908
2942
3113
551
4379
49
2502
98
2440
3457
130
2718
2810
2231
2618
2704
599
1295
2978
4764
58
2243
929
4842
1692
627
373
3384
243
716
1307
2821
3084
2749
722
4582
3855
104
2320
3533
2391
1792
790
4227
507
333
3548
2368
1297
1724
3561
3235
3020
4641
2372
1259
30
3176
4850
783
1331
1879
3707
3780
4618
479
3033
4190
4387
1631
4225
476
2844
4856
891
3341
1145
3210
3800
2010
3927
2163
3432
288
4088
2465
2126
967
1567
3749
3794
3292
2222
1969
3434
2380
3103
2588
2435
1740
1239
4836
3142
2231
1355
2407
214
135
3493
356
1130
294
213
623
1069
3387
4130
673
269
522
3458
4026
215
3058
424
1636
1238
4152
4094
4816
4839
4835
2257
3719
2525
898
4404
2763
3500
2312
4708
122
406
3350
1923
1826
1229
1301
2974
3374
2345
1476
2604
3062
3010
3236
4454
4872
1695
1007
3385
4608
3850
1822
1544
792
3683
1499
2254
936
4594
32
849
2199
3400
3799
1051
1380
512
3835
1241
2158
980
3849
1563
349
3116
4433
1603
348
4379
4180
3896
1790
1784
1057
4811
3407
941
3938
2807
4036
3466
873
2212
1042
3391
4885
3501
4221
2668
4729
4482
1282
4341
2323
3896
1080
4775
1645
4875
4016
1346
2940
797
4448
3527
3793
3853
1333
3121
3395
1712
2627
1609
299
4765
4076
4734
1177
1374
1451
1686
2983
856
2026
491
202
3891
3527
1456
849
2471
2950
3744
2284
902
3512
1081
3948
335
1395
1316
1555
2379
2649
1365
2065
3428
641
3464
3353
3865
1137
230
2409
712
1320
3154
436
2238
3279
3696
3250
1080
4239
1975
1044
628
118
2920
3582
1429
3493
225
910
1174
2924
2735
2282
1209
4108
4482
3949
39
2060
1362
4914
3857
2596
2400
344
1709
3679
4784
2076
1144
3904
2184
7
805
1120
3852
405
659
4231
2860
5000
4703
934
207
1883
3245
4475
1529
2742
2221
2064
4143
4702
853
2101
1653
2437
2482
1478
2940
4780
241
3030
3520
1001
2313
4499
1413
1722
210
3176
4663
1548
1353
2455
4739
1142
2263
4141
2806
3187
196
3129
1073
4881
2186
3888
2670
4192
2875
4513
1309
2359
4212
403
1015
1521
752
1775
4369
1883
450
304
510
2973
757
532
4114
4973
1170
2818
1876
4560
4814
4765
564
4114
4120
2587
2299
1756
2834
2644
1884
845
3528
1322
2140
2328
1128
3430
243
1098
2986
397
3991
3318
3635
4586
1094
4610
1252
1487
1697
696
1088
98
18
2676
4365
4825
1147
2153
4252
94
3298
4036
1031
4138
4451
552
3171
4900
1353
2488
2078
4491
2507
898
984
3726
2620
2767
4125
246
2176
4483
3020
3470
1550
3613
964
902
33
694
965
152
866
295
4715
3444
1694
699
1814
3650
2326
2325
347
2926
3717
3201
1783
486
3263
1750
597
4818
1439
4370
1155
4596
1106
4730
1769
1140
3122
195
1825
2858
2700
4606
3499
2839
4970
4955
562
1186
3170
1482
4578
4776
853
4116
4319
1980
2381
2910
2301
3333
3135
3300
494
1151
2711
3432
704
2418
2401
1533
51
4793
1962
2837
3607
2101
1512
1062
255
1008
4284
568
965
3546
1354
2119
1939
2819
1178
3277
3407
686
601
3298
4529
1265
1106
1563
4063
2520
4213
700
2045
376
2516
4826
2888
4117
646
1832
4474
4721
459
3773
4842
2066
3146
1762
660
544
241
4428
1327
2622
4003
513
141
4001
611
1521
1324
2454
1258
4719
2610
4235
1743
254
3696
1941
3934
484
1507
2067
4659
4166
2048
2908
1890
109
1528
3150
4586
4785
3391
3538
390
2162
2825
3865
3936
2453
81
363
2016
669
4666
2978
4322
4750
456
2973
4367
160
4681
4442
3606
3082
2892
4645
1260
1529
1942
3702
1354
353
1575
3973
1498
252
840
4095
2235
3660
3757
2677
815
1898
2606
4622
450
1216
2736
1690
4559
175
174
2366
4425
3155
3039
85
4555
597
3249
359
4378
65
4851
936
2348
97
4957
309
1678
4532
3315
4820
3603
2997
742
2942
4883
4930
2138
607
3075
108
2353
474
577
2468
4615
2743
3829
1895
3810
3298
3611
265
1782
3954
4114
3804
4391
1338
2673
2869
4195
811
3943
1437
890
4170
2273
1770
3086
3141
3210
524
2661
1813
3783
627
1918
4630
2858
2409
4942
967
2301
4151
3502
415
3923
1852
2307
678
3794
3254
4902
1225
2919
155
3803
4197
868
4832
2930
781
4750
4858
2953
3087
2506
3540
1234
2043
3838
3733
2606
1459
1774
901
376
1884
4009
3243
3760
1956
2688
1429
4435
2442
895
4627
850
2808
2599
895
2895
3575
2080
1718
4903
3295
3915
2933
4626
174
4396
2921
3173
4413
2013
3631
1546
815
2696
1386
3629
4471
3497
4754
72
2526
1283
936
3702
139
2001
2303
4727
4539
1091
1630
759
2790
4972
2577
2145
387
1087
2438
1352
1633
841
1691
1675
4180
3866
4438
1812
3888
1990
4830
1428
2085
2936
3588
4201
4040
761
3505
3967
3301
3714
4912
252
2702
3165
1775
1137
3371
2033
1054
3710
2286
3568
2545
1969
2067
3199
14
1940
4312
512
512
2421
823
271
2228
1699
1873
691
2516
1301
1529
4331
1463
2296
3024
1562
356
646
4433
1924
2332
4257
4023
228
4909
1412
3782
4878
2484
1738
803
3032
2380
3300
3122
1541
1242
2480
250
387
2202
135
3666
4211
2174
1308
1875
725
2598
312
2126
4019
2490
4136
2339
2626
354
3987
4845
1945
1601
3961
808
2649
4298
493
907
52
2883
4676
1675
2289
3691
823
2556
3805
3438
4212
2942
1158
4609
1504
3691
2139
316
2026
121
1978
4159
455
4649
2913
3108
2448
3126
3924
785
272
4561
3833
1489
3452
1382
537
1070
3378
4133
1524
1704
2170
3003
2848
1698
1337
4911
342
4672
1442
1317
3689
3910
4888
3768
4653
4810
1528
295
2953
3171
2240
1423
3643
2024
4343
2512
4445
2554
2939
1974
3404
4273
2395
788
3711
1888
4933
4729
3074
1585
185
1311
112
2325
1613
3453
2740
3234
3318
763
221
2673
830
868
2470
3995
1501
4145
543
1414
3764
108
1569
119
3996
2977
2273
4683
478
542
1964
1306
2625
1170
2782
2924
3389
2145
1862
4199
3859
1723
2033
841
2976
107
707
49
846
1501
771
2036
80
2420
2450
2397
2019
3421
1840
3145
4969
3358
738
4738
1912
236
4132
4069
2864
629
2145
4911
2137
317
4184
2302
677
2551
1998
337
3855
2854
1970
1376
4246
3719
3428
2823
4271
643
1182
2115
3776
3463
925
81
3222
1218
2002
3689
110
4379
3664
796
4704
4628
2756
4955
1558
4870
4564
3914
1087
1497
2888
1186
483
4694
4740
242
1152
2164
58
842
3550
2494
2961
3082
2539
4304
584
2357
1255
1202
360
2033
1740
3516
1526
1837
3253
929
182
4395
15
4349
4613
2310
2098
4026
2167
192
1074
1427
1782
4804
4476
4169
4961
3572
3282
1168
1344
2599
755
2190
2501
819
3768
2178
2317
3967
2449
3505
4074
3676
438
1776
3553
2732
3194
2100
4351
2641
1451
2296
443
4927
2997
4615
749
4369
749
4328
3271
708
580
1578
1902
3579
4306
4983
4774
1646
3987
1331
255
576
286
1474
762
1515
2928
2598
168
4023
2954
3540
2301
2728
2706
2276
4856
4533
2871
3599
2607
3073
3801
2692
1503
3550
4212
1052
2966
4328
1826
1519
24
2190
4002
3834
3003
874
2383
4516
4750
2692
3051
340
709
3038
729
4303
567
1689
2899
1519
4081
4175
1459
4562
2314
1119
4938
2952
3172
2657
908
1447
1538
2326
1523
3565
3412
3453
352
181
4411
1443
993
1102
4356
4952
441
1479
2508
4359
1424
1838
992
270
3988
2094
4899
4260
4283
3304
533
1995
3850
708
1149
2695
486
4414
1233
4461
3121
2424
609
1256
3560
797
3591
2430
1953
1723
2398
1915
4653
2664
3880
1973
2737
1669
2875
1794
3998
1923
1379
3601
4155
4192
44
1519
4007
4686
843
483
3484
1508
1905
869
883
1482
2963
4439
3629
4455
1511
2853
1283
4842
158
3079
4282
2695
2508
3929
459
971
4000
3155
3703
1729
293
3638
1366
455
3268
1017
3749
4215
288
4439
3106
4338
2341
2229
703
805
1460
3698
4379
727
1143
2323
403
3217
1193
1696
1735
3618
585
3326
3211
1266
1539
2064
4512
1443
4079
3764
351
2519
4865
2258
1795
4802
4715
3338
1747
2404
2934
3247
3762
4532
4696
1240
61
2788
2193
4497
2886
3502
4764
3418
4833
141
2363
3962
3448
3691
4750
3652
1949
2267
4724
2895
3778
1392
68
629
1729
3045
1803
1872
3660
1666
2771
3090
2339
1728
3641
4768
1442
1495
2514
4911
3810
3804
1383
4374
890
3254
2761
3347
4211
2130
4755
1089
2017
4073
457
2107
3308
4849
1302
2881
1227
4771
1535
2552
3406
1244
207
3175
2347
34
122
972
387
1988
2594
871
979
357
4600
4680
3433
1851
4700
1008
1615
3867
4965
3210
30
392
2265
3432
4959
912
2095
4392
2333
1060
3800
1099
653
4964
2322
2630
3941
3935
292
876
2774
1060
4067
2491
563
4466
2557
761
15
3853
2202
1543
2419
1115
3867
1981
121
2337
1133
3039
3612
1119
4955
1676
2000
4066
3513
2995
2114
2389
302
937
3119
2621
4843
2481
4371
4307
3134
270
250
1248
1056
4481
1756
3462
1936
1254
4039
4025
1060
3657
20
4028
1264
117
1864
477
1976
3749
3988
1471
3071
4120
538
41
4677
135
3447
3092
633
3571
1671
4530
4019
2520
3956
4263
4675
1369
2523
4379
4034
2607
1609
126
3582
548
724
1796
3756
4785
1537
2941
2705
4943
749
1109
4821
75
3605
3988
4903
382
1364
2044
3449
2416
4844
1387
3909
2349
4153
872
4255
433
4311
4056
3708
1576
355
3974
3505
3456
715
2580
4565
1271
4752
3636
4235
4465
2511
1628
928
4021
2464
445
3410
324
4624
1894
291
4904
4185
369
973
1423
624
3218
4102
3088
2847
4975
3098
1139
726
3809
3417
4851
14
1937
1794
3410
1559
3998
3374
2384
1108
2954
4354
1681
1647
1950
3907
4628
1863
1767
2477
2657
4907
3926
2892
3306
4976
2413
4934
1118
3536
1365
3116
603
3634
2247
1495
1501
2179
1881
3256
4965
4988
3172
598
4940
3871
2232
2313
4238
2315
1094
3696
1908
1114
2197
172
1041
3086
4223
4510
2463
3628
4872
2012
2
1487
3475
3401
4923
2174
1303
611
2716
8
281
4731
4935
660
4861
1086
2265
4588
4702
3353
1938
4367
3814
2256
4655
818
2873
1417
4443
4265
3485
2943
1354
401
4166
2207
658
36
1323
1757
649
2510
1436
2497
1193
3266
205
3442
2620
3865
4091
2821
1535
3801
1110
908
3589
4272
3440
3219
3797
666
3237
1636
1767
2634
1672
3793
2189
1040
312
362
4177
2934
2362
1329
4964
3177
1875
4008
67
4979
5000
1562
765
3061
1931
4921
1994
1671
3045
2995
2951
470
3789
1339
2770
4854
772
3480
2002
2256
3345
1707
4968
1109
3323
3827
741
1661
2404
3537
2310
1945
3333
4839
361
3270
504
2414
3758
4472
39
3907
514
698
979
2835
4400
2028
2393
3030
1414
4390
1703
4668
3222
1639
4121
2358
3799
4519
4422
3876
494
1239
2138
4091
4375
1385
4488
3906
403
1507
1071
3832
4655
2777
2864
725
1362
1621
2325
680
2419
987
2462
3337
879
2282
684
3275
4868
517
4019
4459
3609
2901
2836
4434
1713
3958
1810
4175
3863
4482
94
3873
1351
3277
385
1318
4949
977
1001
2081
4355
1477
3211
2657
4675
3569
949
655
2627
2932
1550
2543
2832
3464
3002
1160
1474
4459
2127
1288
3545
6
228
3418
3145
3303
1351
3715
13
2130
2591
1878
1212
3232
1855
1254
4820
2463
1915
4372
3293
944
1948
2089
2355
2210
3571
4682
3909
4781
4333
684
591
3201
2850
103
4711
1124
4619
2624
1789
2327
4184
1205
4480
4664
2048
1207
27
1149
3370
1619
553
3289
2373
266
4737
3941
3672
1290
310
3829
4714
3973
4329
3508
4045
3915
4457
670
133
3444
4726
1795
4439
3155
2923
3199
2320
2314
474
1434
34
366
407
4813
2968
3305
761
3433
3064
2744
556
2931
2839
2598
278
2570
906
1232
1063
442
2692
697
4177
3019
1123
3542
2777
631
3476
200
2564
2647
851
3736
4034
376
3468
4392
3666
3627
98
4251
4182
313
3349
11
2070
4919
2625
1047
671
3967
3988
3091
4138
1813
986
3091
2922
2481
1760
3926
2706
2455
4376
928
61
2671
862
4931
1571
1847
3765
488
3273
2278
1327
3909
3799
1002
2333
2916
1756
1357
3791
275
3647
850
4566
4807
4869
717
2044
3258
4775
16
4693
740
1458
3930
1451
1735
3583
4604
4585
3072
2622
2473
2731
1326
486
383
192
4471
3846
1702
4228
588
4094
626
4611
1983
1928
736
3244
576
70
54
3931
4252
4033
1453
3483
1813
2712
194
462
2874
1551
283
2628
1135
3084
2096
1432
3745
807
2066
1612
348
123
1534
3365
4134
2136
1499
2716
3113
2645
1052
4542
2012
1976
2063
1684
1146
866
3387
2250
3563
4836
2350
117
4221
3912
601
2931
2291
322
648
4134
4769
1537
4331
2579
4311
303
2625
2387
1890
1313
2060
891
3007
4018
1321
2680
3410
552
251
1002
3275
3717
4894
4976
294
2146
593
269
2405
4438
3212
2769
223
3754
199
1633
2386
3878
648
96
792
3404
1232
4188
423
3596
2282
3266
3427
2414
4216
1309
1556
4565
775
3499
3656
3862
1752
2933
1644
4306
2145
2790
134
1735
3511
1509
428
2488
4643
3675
3401
122
2677
2696
4584
1693
3940
177
3788
2218
2826
3535
3377
3391
3519
4813
2377
3943
1532
1150
1955
173
1906
647
2840
2374
2781
4161
21
2411
1131
1437
2421
965
3008
4855
2835
3122
418
3596
4849
4489
3915
1889
3837
232
2855
178
4154
2643
2061
193
459
3951
187
98
2404
971
774
2232
3882
2652
3617
702
1869
1802
4804
1568
4683
2694
2834
4960
3263
918
3527
4211
3473
3471
4472
2240
3163
3339
4297
2317
1982
3969
437
3207
4238
2271
2396
2273
2555
1870
4917
5000
2683
4662
3744
3599
949
1776
3544
4263
2079
2709
1538
2404
3827
2637
3241
1491
3427
4960
1423
629
2018
128
1748
4577
1029
15
4135
6
4457
4924
3819
4656
3591
1123
3716
2402
284
4093
3099
2637
1807
4251
1904
4477
1955
1983
4631
2795
2120
4466
1431
238
4376
3432
3383
933
3571
1731
4979
2986
4965
4555
981
547
3822
254
1087
46
59
4578
3962
461
1947
3901
2635
84
3056
1397
3125
3797
398
564
1115
2602
1591
739
697
1717
4550
3103
2201
3234
3235
4262
1136
3743
4416
4771
2022
4172
3623
3290
2521
989
2213
1527
1556
1596
2614
2891
2824
814
3476
2264
348
753
1949
1696
628
2657
582
4628
885
1052
849
1284
4025
1018
3434
1307
1608
3013
4225
1427
4518
1469
3224
3762
4631
4051
122
2888
2177
1332
4466
3707
3374
2303
557
1988
4048
934
3700
297
4596
4515
4167
732
1150
917
1715
817
2759
4624
583
270
1330
3725
1866
751
728
2735
754
4500
231
3890
574
1027
614
1558
4459
1966
3301
4836
3383
3502
4541
3787
3846
4388
2024
1001
2120
731
919
3309
2909
3560
799
3984
3942
1034
4678
2153
2696
2563
3492
2749
117
3098
2498
277
3532
3347
1557
4009
2132
2034
4419
2683
716
555
824
1645
1426
3717
2232
742
4765
2277
4040
3190
1822
2618
1187
3911
4916
4089
1301
1083
4783
4248
3508
1533
3205
4572
4234
4048
2923
2287
2745
712
1443
3569
4896
1897
1502
4277
3386
718
2457
3851
1296
382
2490
1089
2377
2246
1896
4197
111
2695
3249
841
1970
3668
3128
1296
1610
1869
4913
1240
3508
2011
4213
827
4498
376
1361
221
1065
1023
1561
1551
427
2257
1743
1383
1442
3132
4348
2466
2043
3675
3053
1474
556
3307
135
3171
2364
4283
3016
351
4591
4099
815
1851
1142
2771
2997
1136
2978
3377
4563
2260
809
2082
3165
371
1448
4636
4042
74
2753
3173
667
1452
1459
2585
2352
2777
3332
1649
4548
1447
3257
4607
361
1389
120
1136
409
4418
4625
2888
1958
1425
2282
2907
4873
3590
4590
4266
1187
2910
1759
3527
3184
2955
2304
809
332
2006
3796
2207
31
4781
1770
1877
2457
4029
1723
3121
4589
3789
802
3509
3246
432
1206
1723
3136
4857
2891
