2545 3728 2578
4437
4670
2264
2232
1289
1454
2058
421
790
2729
2076
1400
771
3953
2521
3051
408
1445
2186
3945
4998
2685
1561
3393
3833
3522
788
87
3639
4007
2781
1253
1555
1024
2271
2970
353
3994
3110
4510
3690
1954
472
3424
4743
2394
3008
2454
3390
3458
893
3798
4778
1149
914
4160
2704
3953
413
3937
4426
4745
1277
879
4163
3978
1175
3397
1890
3078
1869
1284
4762
2418
2856
2026
1007
756
3816
1319
716
4262
4892
1439
3845
1140
3737
113
710
2995
1651
1844
4251
336
1819
772
2048
2381
400
1736
2403
3885
2258
4792
944
944
4274
1085
2382
4966
3369
4748
3463
658
1983
2992
4609
2111
2114
3482
1276
4296
685
1600
881
913
4881
435
2563
4036
610
2346
3331
2844
2931
1686
4811
4641
2628
573
4132
3709
4275
4666
3681
3446
3688
4872
2347
2950
4485
1774
1555
202
4339
1740
3545
2486
4452
454
4112
3910
2651
2798
2753
1646
2533
4216
4097
391
2480
2873
4002
591
3208
4060
2866
367
959
4426
4762
4306
1812
4257
1861
4516
3428
4567
473
282
4654
2984
4810
4217
2819
2830
2376
2958
733
2387
1008
3591
4160
3550
4497
1547
1406
1352
1391
1190
1414
1773
676
4537
4930
2937
4246
3336
3587
937
4704
1723
1279
4700
2109
4583
1401
3841
774
1987
31
3248
337
4366
2460
4271
1250
3625
4524
4466
579
3151
1067
2032
1632
1588
2876
4238
3461
632
4385
4703
4146
335
2608
2021
493
3627
2826
3226
1117
1423
4311
4269
1663
2895
4692
1227
494
3847
2187
2937
149
387
26
2363
173
164
715
4685
2860
1071
4793
4555
2560
1381
2937
4484
3452
4801
2141
1029
4131
290
3673
4264
4160
1983
382
4993
3791
2747
3525
96
365
3753
1916
3600
393
802
4135
646
843
443
2460
3539
3288
4315
4240
4841
1182
2914
2173
1328
4317
955
3614
3421
4554
1905
2472
3028
3771
1137
1190
4552
2620
438
4604
3087
1031
3529
851
2004
4392
4938
3447
3868
2997
3398
3279
2052
4151
2252
587
3360
4385
2883
3108
2446
968
4165
1831
4314
2979
3643
230
531
507
3003
3801
4998
769
4859
379
4201
3242
2635
4426
3500
1451
4117
2397
2939
4822
2339
152
1556
4666
4008
458
1834
1252
3031
473
3119
9
3058
750
4662
1319
3756
620
606
4161
4726
3310
4793
251
3349
2735
1123
3367
4406
746
1204
24
3987
2795
1157
2695
2876
4243
81
1894
375
3251
116
4986
2727
304
1429
4348
1944
4289
4741
1904
3735
275
3430
1717
4333
3173
3511
743
4899
172
1471
500
327
3178
1625
2620
97
4142
1691
75
4819
1439
4944
3898
2342
127
706
3225
367
258
1693
393
1978
62
4927
1682
2653
752
1263
3530
301
284
2341
2841
624
2194
3459
4822
4951
1448
4277
1424
1346
1262
4619
3742
939
94
434
1074
3930
4982
3677
3110
2536
3688
2147
814
3362
2578
80
4482
810
2767
4242
1043
2164
2297
4340
2335
2381
2097
1549
3602
1777
4250
3811
1978
4284
4592
2473
3944
706
3868
1074
3599
2435
628
3502
314
4477
2052
1958
466
2364
4724
4214
4944
3574
4124
1630
3170
54
4113
4215
930
872
4917
2150
3466
3753
1386
3322
2481
979
241
1004
2112
1781
4612
507
3677
3353
2884
4592
2704
2922
2942
1058
4640
4401
2297
1510
2329
3
2144
4482
2580
3196
193
114
1021
4615
1169
1353
565
3855
831
539
1979
2686
293
4743
234
1222
1244
2103
1663
2946
3834
3863
4551
1762
4706
1924
2344
374
848
2224
611
1954
724
3907
4067
1005
400
3660
3812
320
4111
3553
4822
1807
4062
1001
4928
4066
3676
1193
4608
881
3622
3934
4687
134
3399
346
564
1983
1132
2770
314
4884
1146
458
4865
3871
3068
4403
887
2986
1648
2378
2569
1375
412
1807
457
2458
451
4083
2060
3496
3961
1904
32
3107
134
3426
1233
3934
4979
3459
2747
4304
3266
515
2807
1397
2687
3683
4581
649
3773
4840
931
3353
2077
3830
4414
2673
3089
2782
2407
1721
125
4719
314
462
1844
2201
2193
738
1828
4118
1163
2085
1692
2929
1960
4884
3314
620
4689
486
324
3592
3790
4713
952
4265
1671
29
1097
3496
3861
1788
2815
956
1334
3392
2005
1754
990
599
891
4938
4094
3718
1089
16
4205
4370
1278
2832
4099
565
2947
2269
1923
3718
2562
3457
1471
670
1022
2892
565
607
4125
4235
1444
3535
1617
2387
2177
4428
1181
3866
2836
1048
3141
3286
4548
2095
4740
4067
4889
861
4919
2762
2944
1642
3240
2564
1677
4054
4709
3346
1549
3573
3457
2184
4343
463
2726
4896
664
1105
4203
3011
361
1897
1357
4019
3093
3201
420
2277
3714
2558
1227
4335
3877
3526
980
4129
51
67
2233
3063
3118
1358
3193
1244
3281
4684
1604
1734
2960
4666
3355
674
4036
4778
3825
1194
1506
564
2015
997
1843
2825
3234
2292
619
4825
2073
937
288
3679
3391
2950
137
3095
3566
4242
4319
566
2956
1039
3459
3289
1492
1394
2603
2663
4655
679
3166
564
770
3829
2341
4172
1521
963
2836
2791
4482
1347
4631
3076
3987
570
38
311
1548
780
1929
3962
2460
33
3864
490
1038
3843
1884
2308
4506
2977
3888
4222
1582
2829
4718
2908
3951
3304
3790
4291
2175
948
4204
788
4152
1661
1920
1845
1588
4160
2466
4257
4811
2498
4567
3566
1324
2597
49
4828
2447
2503
1433
3097
300
2612
1212
4458
948
1681
897
1208
3497
3512
1060
3027
1616
3286
916
1598
1870
1596
2571
1610
4589
387
2633
1572
3137
939
1152
2746
2697
4275
1878
585
1133
1735
3061
4638
744
3360
3059
3680
4704
366
49
1959
1573
483
2727
564
88
1928
863
4543
4678
4735
622
4330
2456
652
1939
3040
4060
4808
2639
1560
537
941
952
1601
1410
1582
4130
1575
1869
4180
1193
498
776
4733
3660
1660
4769
4620
2764
1690
2463
3769
328
4582
695
1743
3552
2609
4027
3519
1033
2991
3986
4632
4100
799
3015
1292
3113
21
4886
2575
4650
4711
967
457
4481
1386
2856
1277
3942
3212
838
1107
2588
529
1354
3419
4085
4227
4031
750
3118
2075
1048
256
1286
758
3069
4196
1087
2305
3855
672
4789
1433
685
2356
4792
886
3584
492
4009
1568
119
2381
4691
803
300
359
1595
2302
1960
60
3428
329
2931
2332
2073
1179
4024
3517
1630
1658
2988
4600
2709
4737
364
2663
4600
3191
2259
2618
109
3157
3980
118
1556
3659
295
42
3846
4103
4280
1186
621
1913
1110
1070
4862
4664
3443
2263
4158
3765
3735
1618
2321
2050
2921
2818
154
259
2856
1000
4453
4040
627
394
1145
1579
1158
3950
4798
3581
2616
4823
3862
1550
926
3070
354
1737
1052
3248
27
3284
2843
1363
2882
836
3391
2752
4083
3981
1761
1474
1100
3884
1156
2598
3647
737
353
858
600
3259
1731
4329
3486
2972
4903
1300
1186
1723
281
2107
4172
4401
4469
3456
24
4372
4622
4708
3081
873
2678
2257
4260
2945
2852
3078
3822
1261
3551
2005
1636
4979
3622
822
1097
149
2056
3112
3617
2707
2225
1416
688
2717
2603
901
222
3114
2428
112
273
2850
2422
3218
3467
18
248
2274
2648
2359
4057
1061
3300
4067
3865
4702
3710
2393
2685
372
1631
1002
1770
4936
3
3633
4358
364
2715
4259
4250
4999
753
2743
253
4248
4604
772
4213
1013
583
3237
390
4324
2129
3130
2907
4363
201
3194
4637
731
1621
4539
4612
2888
1112
3954
785
476
2509
2522
1573
4374
4045
3051
1900
3707
831
1828
4080
955
3053
3941
3663
2177
3085
3148
4088
1414
3159
1844
180
2844
4718
1241
4913
738
1116
267
1514
2726
4356
1053
1585
3225
1118
4473
3427
954
1625
2779
759
3163
2736
1149
4008
4316
1969
2736
80
3567
938
1698
3975
3257
2871
3909
1511
1512
841
868
613
1896
3205
1106
3540
4266
909
2822
198
420
1807
4927
233
1135
345
2242
4580
2182
3814
212
763
4504
2854
776
4206
2660
3862
37
2530
3373
464
819
1137
4523
2441
3386
4187
2736
4237
2526
4357
2904
172
4798
4795
3621
2851
2875
3882
445
3194
2657
1584
908
4272
1740
3878
1986
4136
2439
4426
3717
2070
3602
4871
803
4019
1708
2200
3256
2344
2219
1689
58
4455
3586
3196
727
1773
911
3807
2639
3617
2049
772
4234
1959
835
3202
3905
4295
3064
970
347
4346
1417
3390
4510
3121
3764
2475
2256
2038
2897
1099
2449
311
3957
2998
1847
806
1552
4285
4064
1429
3294
1820
1565
282
1896
1068
2913
3699
4034
4933
353
3991
2708
401
52
350
2691
4964
4905
4561
3024
2911
2262
1668
3118
3218
163
4004
4117
1637
3229
3882
3567
909
1138
3002
703
2021
1671
2647
3746
1186
2842
66
4762
3406
4186
3312
4906
975
3830
919
1596
1971
2101
4148
4685
4520
1644
3499
4710
4796
13
1807
2431
4503
2361
3011
3353
2973
3656
146
2737
1351
1170
3395
3936
611
4607
1893
1518
3872
4038
3806
2457
3115
320
1590
4963
4991
3974
1842
1336
4785
2093
2005
1114
2849
3655
695
2114
1540
1855
3925
1663
2729
1500
1267
4446
3759
697
3644
2691
3718
4323
4270
4555
1004
4740
3025
882
3497
1738
2702
3647
2141
3254
4
1892
4326
3080
1460
1696
4447
4569
2112
3251
598
192
1563
3977
3001
4504
790
1573
1128
927
2899
1438
4348
1956
3316
3237
3195
2461
2079
3684
2539
2527
3140
1502
2312
3145
2990
3520
2695
1617
957
2672
2283
1845
3668
34
35
4402
3399
1319
4789
4057
3638
1202
4691
4146
1711
4926
1930
4768
1938
157
1483
1651
1390
2942
2361
4271
3356
845
4110
1402
1383
3436
1212
4717
371
3148
491
4378
802
2992
2594
1807
1968
3564
3634
2389
3489
391
3237
4962
1066
2735
1802
869
1821
2692
2778
4994
3849
706
465
4945
1331
1551
3779
4244
764
3750
4061
4261
878
3442
3980
1497
3471
504
2715
2531
2235
4742
403
1138
4536
1888
4123
2043
559
1195
1254
4543
4239
3553
1481
4564
1657
2218
3974
735
4458
683
1887
3011
4938
169
1123
2413
1697
4116
4606
3876
1370
1178
218
2787
85
4991
3312
2295
820
1418
2961
4499
4448
1726
4943
2912
1456
783
2721
1450
868
3246
17
1926
1653
1736
4915
413
1775
1545
4798
1025
2036
164
3051
4271
3479
440
4164
3173
60
3655
747
614
1781
2624
2150
533
4754
995
3867
3863
4905
3002
3011
4358
45
2212
4910
1049
1755
466
4735
2090
2718
4938
2516
3856
3435
4648
3121
4568
2964
3198
486
4978
4624
4465
4431
755
63
330
1858
3551
1024
2284
2918
149
4117
4138
1950
2647
1121
90
2403
567
506
4391
1888
1726
4960
2435
2554
262
3144
4780
2767
2789
3047
1280
4630
4310
4690
505
4831
283
4162
242
3678
2277
1730
4002
4995
2155
4887
3803
4931
3933
4948
3818
1613
891
2764
4176
462
4163
894
688
2408
1968
3029
2599
3651
2413
4526
1326
4056
2981
823
818
4774
2636
4583
3630
3199
2454
2037
1372
2057
1367
4600
4279
4508
2728
1904
2182
1060
4710
3390
50
2509
3934
1645
2695
3500
792
976
88
2356
4149
4665
250
4275
3545
2814
4943
3116
3258
3697
438
2241
3829
1019
3526
1865
4167
3439
607
2506
1044
2587
4991
164
3734
3953
1345
2361
3124
4824
712
4469
1
3161
4049
3938
2554
3267
2166
3856
1241
2660
3243
1318
3371
953
3271
907
4316
2823
4597
77
3112
3514
2176
1199
1195
192
337
3772
2618
2188
4302
1089
338
522
4205
2215
3827
2426
3918
3834
4172
2228
2916
4901
1163
1764
3154
3493
1516
3795
817
592
4173
2069
898
240
531
3497
1880
187
3575
353
458
1417
640
1881
2843
3352
2849
4583
407
4115
4845
4877
227
976
712
2401
4013
4915
1638
3082
3118
1313
1272
879
363
4550
2060
1524
3928
2051
412
1919
4575
2053
345
4889
3968
1290
1301
3021
2668
2479
1694
4755
3342
4948
1923
1648
4669
4741
2388
4421
2131
2060
2326
3943
3230
3361
1234
260
621
33
3906
4747
1385
2982
1125
1948
3555
3460
3188
789
4111
3934
1631
937
838
2905
4964
561
4339
4236
438
1841
3838
2701
4650
4064
1238
4010
4434
2658
3386
4255
1115
4870
4145
1507
412
147
3567
1738
2925
3328
2073
1323
398
3930
1484
1770
2249
4407
2883
4647
1536
3731
3638
3655
3669
3044
2942
3799
4588
3767
318
2866
2309
1182
2370
97
1208
3075
4280
1339
1281
3747
1165
4328
3081
4422
3562
3941
3783
1802
1462
8
1032
772
572
659
1948
518
2782
129
1893
1004
3519
3536
326
2534
978
2091
3830
178
3967
4714
4537
4931
795
2534
1749
3595
3477
4827
4967
2866
1732
894
122
2566
702
3381
320
4787
2415
568
4532
4339
2420
2407
3918
4601
4269
2400
642
3400
4287
4071
2916
3867
2875
755
92
3946
4377
4947
1750
1834
2840
3555
128
118
3131
1926
4874
3658
4112
3537
2067
3931
4267
4400
859
669
1480
1715
3878
195
2306
4399
1084
3467
4486
1960
2655
3122
4764
4793
3582
736
562
888
1954
2215
3671
777
3068
1480
4360
2026
1001
965
3591
820
2841
2255
997
2486
4741
3429
769
2042
1570
801
310
4830
4227
966
3046
3991
1277
1788
1217
4741
790
1593
4033
2288
860
4289
4239
601
4658
2017
2490
973
3020
1779
1134
2010
3128
3427
170
985
2710
1043
3471
3217
3675
3768
367
4351
3987
419
4090
3043
925
4988
465
1614
4213
2894
1858
3839
3843
4952
3355
4475
123
239
3943
2478
808
3801
3575
4945
26
2732
441
1587
2233
268
90
4229
3619
842
4188
2171
2583
3878
2321
3508
3379
2454
1333
45
3919
3682
106
2621
4716
3212
4290
4961
2205
2063
4827
4833
3294
2618
4646
63
3239
809
1074
931
1542
343
3868
519
3951
4728
1771
227
3836
4850
3890
4270
1609
423
426
3427
4795
4006
589
1157
4733
705
1987
376
697
4813
3793
1578
3039
201
3550
169
2153
2509
434
3808
4722
3622
4622
4424
3636
3183
2200
2389
4628
902
2317
2194
1266
2834
3407
1030
2183
12
3480
1142
4368
3161
4565
1930
2300
3769
4530
2292
4500
3867
1576
2456
3285
4656
118
3898
1206
1580
3376
177
2689
2005
4659
2524
4563
943
587
3332
4168
4264
4724
3001
2033
225
1755
1657
826
2028
2475
3893
1507
3836
2299
1806
835
2064
3091
747
3606
2909
3302
2282
2332
198
1527
542
2922
1126
1451
2816
331
4211
4962
913
1321
411
1284
4214
1527
1689
2439
2489
3524
1059
2929
447
2967
193
4978
1326
1871
94
130
1590
336
1857
532
2862
4326
4403
