2738 873 860
3858
2031
1541
859
1450
2265
2032
2147
4102
3785
2706
1359
4585
1995
3658
1576
3616
1612
546
1734
3905
310
1654
2637
4587
4598
3340
4518
2438
2873
2413
1832
2566
2164
4845
90
4438
3952
3912
2028
1881
4605
12
3629
3053
1476
3914
1582
2662
3365
2675
4129
3973
951
3632
724
1837
1175
4084
392
4335
2518
592
4092
4745
2782
142
1039
4100
2166
3304
3955
2739
311
2296
3534
1836
2366
4258
411
1643
1276
2258
734
3070
4644
2556
4613
4678
3526
4812
1997
3749
1542
2204
3865
1852
3546
3653
1944
388
4871
265
4046
4574
3801
3415
4642
312
2725
3446
3020
2350
3872
2567
3282
4267
1138
2480
4049
1738
3982
2107
4937
834
4017
4476
1022
244
768
3275
2718
2019
2109
775
2074
3023
2878
2611
4394
4360
4805
806
4732
2117
3687
3959
1861
149
968
1244
389
1380
1745
1007
3674
1226
3051
4488
1834
1792
307
1257
4228
3215
2146
4675
958
4814
3352
2672
4976
2479
3573
3189
666
3146
1747
3814
1671
4077
260
3424
1733
3867
3149
4518
4386
592
1017
3804
1480
2088
3501
2231
320
2801
3303
3149
1601
4264
4730
2563
2439
3255
1694
3759
1089
3261
1349
2031
1715
3370
3014
4856
742
2605
1061
2957
2873
690
2893
3799
2743
4984
2365
2143
4047
4259
337
4110
3435
2403
4961
3886
285
309
2318
1487
436
1542
3885
869
95
732
1275
2617
2727
1651
1178
104
68
646
2
4981
626
2197
3311
1197
4779
3031
1681
2338
679
4244
1146
1023
1944
3433
4431
4628
212
2866
2227
3484
723
1323
2273
173
879
3965
595
2999
4101
3591
3498
1387
1732
3310
3624
3241
2169
1516
702
4751
3653
386
3285
563
1130
1321
3968
1953
1846
3217
2535
2420
1852
466
159
1785
115
4913
4450
1503
4878
406
3557
3520
391
1958
3195
3945
4333
1280
1900
52
508
1043
3747
2786
3101
2497
3345
3281
4803
3686
4555
2800
419
4321
2385
248
4650
3837
2363
126
2482
3627
2995
937
4479
1251
3311
1505
3736
296
2521
1824
2002
526
4957
179
4203
908
769
606
3305
1151
3407
4716
271
3339
1839
123
1014
1602
2507
1307
2045
4783
2944
136
4935
1859
3149
3923
740
18
1560
4790
3741
3924
2012
994
166
2399
289
2225
1215
4070
2578
24
1158
4958
4014
3547
680
4396
3630
4291
1243
966
702
2130
3410
2413
4602
653
1285
1236
363
3318
4891
3371
886
1723
617
3701
2588
943
1863
4876
181
994
1608
2146
3321
4975
713
4795
2763
4714
2929
4864
3332
1676
2504
3353
4002
4675
1020
2303
1440
4957
1333
4790
4214
125
1571
54
4908
299
815
1110
2575
2516
1524
526
291
3530
4846
4522
4267
3799
4820
2164
3726
3657
1750
1386
451
2268
1461
3308
1395
2265
1126
4375
4523
2394
2046
1890
1594
3717
1693
2389
3301
3135
3113
966
4777
1783
2131
2317
2045
4615
2153
4209
4067
3319
1898
3132
239
2210
3454
213
2877
2290
4394
1669
198
3271
1624
1988
675
5000
621
3687
1051
1612
2810
2143
4333
2665
1024
7
4284
4116
3081
4397
4015
4337
4729
328
4570
2636
4309
301
3766
4298
643
4647
1345
3101
2134
4681
1037
2778
2211
2181
4678
2828
2508
3954
672
1012
2307
3744
2957
2489
655
3669
1300
3130
1086
735
4674
4004
2191
1394
359
814
522
2240
1897
2016
4773
76
2282
1675
1873
4604
3386
2428
4754
3838
1586
797
2190
3882
114
3428
114
1978
1905
2292
4806
3807
3508
264
4157
2046
3453
779
4258
3267
2451
1050
1855
2619
2675
3013
3847
1381
387
3295
4785
3399
1712
2701
1904
1396
1277
4771
4573
128
3210
4874
640
2128
4265
2071
4647
2788
303
458
264
1418
1625
651
2333
4118
1597
908
3963
4268
1633
3662
3686
437
2146
1555
523
2176
2417
1060
1492
4244
2707
2665
189
1573
3975
858
4918
3952
489
4285
2870
2971
4842
3836
4907
293
3966
912
927
1435
4490
4249
1633
1621
2224
3457
4878
3492
2398
2520
4237
188
4261
1324
4224
1159
3867
4572
2890
2802
2624
3630
2723
4479
1690
4267
78
3975
921
1278
360
1790
1910
2298
3549
3372
4943
724
530
4074
2092
3420
2325
4812
4293
3127
185
2211
553
4551
4501
4696
1840
4708
4540
4953
3949
2465
625
773
1019
1225
4945
603
3905
4628
4081
3046
4658
495
1701
1165
1045
712
930
613
904
4625
563
1102
1740
2682
4051
3865
1424
411
4055
4295
1410
830
2670
3789
4137
2336
1880
2217
3159
2975
489
3796
4952
3825
1207
4731
4777
815
169
3901
924
2771
2662
2789
3551
1714
3117
953
2195
3200
2517
1
364
3557
203
378
259
909
1400
4263
1268
4864
151
2073
4929
943
1093
572
4141
737
2379
1317
2070
4126
650
3357
1365
3134
4701
83
3060
2084
536
1034
2047
3634
3578
2150
893
2933
103
3264
4234
2897
3378
4311
3265
3679
3994
4243
52
900
3936
2123
553
431
2404
4863
1069
445
1443
81
2720
3781
1646
3777
2103
4069
2706
2033
982
3264
2843
1776
1174
113
2713
3929
4815
10
1376
4983
4904
798
3933
4512
4329
3841
4492
4718
4650
3362
2095
446
1994
1534
1694
996
3900
648
3273
4855
4160
2080
2637
1164
1559
1969
208
3756
4830
4094
2744
1374
217
4934
2759
1054
429
3509
968
768
4095
1049
3983
35
2553
1798
3874
1261
1473
1405
3156
1397
1668
528
148
4443
3227
1316
2056
2805
1989
2510
4349
4723
636
633
1418
1319
1861
2928
629
3802
1336
3426
4296
1443
4280
2791
1707
1203
4747
4388
511
1345
678
4320
2527
1900
1877
3776
3481
4416
1265
3369
163
3752
2685
1482
1016
3373
3011
3659
1994
1860
4303
4163
940
1950
3251
4812
1701
1838
2621
3967
4377
2483
1085
4681
354
4883
4943
660
422
26
2363
4837
1182
1263
2527
3955
1002
4488
4647
1885
1700
277
3870
4442
3453
4699
2139
805
2405
2790
640
29
3783
2055
958
3084
3989
4153
3479
3044
2207
1043
457
1716
2199
4242
3147
4815
1688
390
1435
4372
4201
4285
2411
207
3851
4493
1365
4357
3860
516
1124
2968
2055
883
2104
1181
687
1071
3412
2857
3929
4011
3736
3963
2
3287
2040
1199
3183
525
1780
2928
4248
3071
654
252
1150
2757
1603
2771
4607
236
231
84
2602
2332
2206
4607
1194
876
2089
2576
182
3671
2879
1289
660
2376
3733
3359
1721
4313
3400
4733
4994
4036
453
4918
2925
2218
3673
3860
2431
1968
2488
555
1377
4255
216
4063
175
2741
4631
4864
1898
2229
3779
4653
2557
4144
1339
1861
46
4203
2584
1957
1801
4364
3983
3718
3190
127
946
3078
983
2175
1508
4509
4069
3013
68
1610
17
2240
1772
454
2550
2549
1135
2676
4936
3954
2456
573
1570
3814
2494
1955
2527
4023
1219
2124
2159
3655
2637
4473
1806
2884
3838
2627
3213
4795
1559
1915
4968
4839
1786
367
3040
133
268
2893
4550
331
1492
4593
2691
2881
690
4071
242
4605
3079
3722
123
1211
930
2675
2144
1415
4266
3136
1030
1892
4809
1490
434
4562
2574
2260
304
582
4148
4634
4537
2730
2844
2528
896
3436
2760
3731
2565
4375
727
4031
733
3105
4343
1888
3782
4906
938
1218
3100
4798
1494
1879
3244
488
2332
1918
2915
2180
4093
2084
1019
376
3876
3976
1830
1977
450
2659
2059
3913
1278
4881
1023
4723
348
327
772
4208
678
4577
1605
2297
4806
244
1050
116
4053
2681
697
4831
1981
2253
4446
4943
2112
4600
2677
1237
1508
2365
3668
2839
4227
2610
3984
2313
4172
599
1436
1308
3935
2480
1081
4756
4685
624
1839
2328
4946
2357
476
546
1938
330
379
21
2307
1420
1128
3876
1207
3368
1924
2462
1286
4883
946
3482
3372
2167
1409
2024
583
4908
267
2683
3675
1195
3822
2678
4579
4736
4578
825
928
3660
4606
4840
4470
3192
1790
2761
2093
2688
3296
821
2658
3535
864
608
414
3502
1659
4487
3607
4029
3011
2394
1848
2891
873
431
2640
4553
4051
2132
237
2594
2214
416
3710
3204
3334
3034
1999
302
3151
1247
1070
2895
534
4511
1996
2572
1886
3657
3288
3760
3266
3236
2537
372
4601
2976
396
2313
1432
4125
332
4799
4313
3619
1278
2122
4522
2881
442
2819
4235
4152
480
1310
3994
1203
3630
443
2072
4883
599
3177
2026
4337
2534
3295
1208
3337
1586
896
1129
412
4489
271
3467
112
1519
452
964
118
1188
4803
2974
4704
4251
2760
3884
731
590
1678
3941
4006
3026
2287
501
1976
580
2610
1674
2700
1365
1390
1286
265
4782
3303
2220
1589
3339
1154
1538
973
384
1244
2823
4809
446
3550
4740
481
1714
1786
1281
1000
3876
4940
3554
196
3498
3999
708
4237
410
1984
1583
1754
3438
557
3481
2837
4293
1300
159
896
3941
343
4012
1684
2307
3198
4283
4100
3283
4561
1012
3821
2038
2721
2095
3622
1874
4611
1261
823
587
1157
2455
618
3916
4579
3447
1690
4230
353
4007
1900
2510
1776
2604
2083
1622
2318
3440
1217
1834
2994
3952
2346
4668
2791
212
4391
1387
1018
3969
3085
3262
3675
2770
1413
2752
2557
4815
3656
4912
2534
3252
2037
2650
2628
1827
4431
4759
1649
4096
3459
26
1594
3318
1395
2800
1914
942
405
3606
3381
4788
262
2976
4820
3038
1089
4512
1309
3556
1849
368
2406
992
1664
2430
526
3629
1597
1869
4942
4950
1297
907
1015
3103
4301
4001
4502
4528
3164
4983
2708
304
2383
854
4892
3583
924
399
3496
2251
3592
107
1539
4063
2858
757
362
4664
4259
2517
4754
2587
4362
799
2096
4470
3919
1010
4870
3894
351
1166
4758
227
87
328
3591
2927
674
3942
4640
2262
2270
1308
2129
172
2478
4772
3617
3450
4467
1740
3793
806
2340
529
3187
1337
2740
668
1006
4555
178
5000
4880
3809
523
1559
2533
3285
2969
823
2187
2434
4209
776
3563
483
4721
93
2702
1719
2529
4773
4228
1642
1097
3897
205
96
3997
229
2466
3950
1858
1808
4288
2763
2077
2034
3156
2714
1044
4123
3020
3265
2095
3311
805
4602
4891
2673
2614
3082
4414
4863
715
1682
3024
1830
3881
87
925
2184
4880
2292
4248
1097
4311
3880
2624
3811
329
957
1827
3078
810
2189
553
692
959
4726
3007
3234
707
3056
4514
2588
4855
2885
3010
3939
2726
1726
464
2675
3683
3266
162
1753
3822
3718
110
3344
2107
1339
3554
269
2680
449
3889
1310
2741
4264
3324
2164
4438
2194
1784
4411
348
2837
1897
1716
2311
3201
4242
4379
4
536
1232
1266
3973
3896
3519
3189
653
3268
4715
4775
2720
2316
867
3208
732
3306
4376
925
3567
4956
1079
4152
4491
202
2643
845
1506
2987
2256
4672
1830
9
1522
4299
1950
2499
616
3550
373
1652
34
371
1676
3509
2137
4574
4547
4599
2665
4014
3178
1153
4179
4922
3653
2700
4493
2835
2788
719
1014
2766
2674
2693
1204
4481
1418
2436
1918
4079
1792
4035
801
4593
3187
1419
2203
1487
2668
4599
777
2459
3321
4268
204
4093
3268
2648
2671
4753
4842
4740
1698
4253
714
631
110
1132
4863
3520
4465
2720
3814
1127
1985
4962
2978
1098
2689
1482
1982
4384
114
1777
2932
2978
4284
2690
4330
4390
1084
1196
3296
632
4371
2107
4804
3763
4863
1293
4461
3409
1423
2416
4650
396
4961
3191
4960
441
2069
4494
141
573
4165
139
635
2332
4342
2125
3875
3875
1121
4243
3202
2546
4691
4581
2351
2256
1310
2042
2939
2183
1384
869
3739
1716
4012
2259
4254
1431
3443
3417
3255
2373
2236
1271
1517
4269
3656
3010
2428
2020
631
2908
4877
3931
3623
3267
113
428
4894
2514
1319
3614
344
3483
56
1349
4615
4667
2000
1338
73
2610
3333
3819
490
1108
4814
4454
3776
1506
1295
33
1950
1944
2407
4670
276
3128
2510
2909
4959
2230
2964
1562
1299
4403
1539
2012
3429
1453
61
851
1599
4101
3840
4180
3733
4692
599
696
4842
294
2693
145
3104
3741
2899
2037
4941
2690
964
2118
3148
999
3995
584
678
2243
626
2317
1371
873
2980
1451
1161
1147
2896
2012
3563
1213
4945
4096
2975
4741
156
3254
3117
2414
2488
1411
1306
646
989
3330
3650
1496
3442
4338
809
2968
1729
1927
3722
3099
4867
338
365
1140
997
2831
395
1758
723
1396
1641
2905
3887
1689
965
3420
2948
3216
635
4797
3604
2710
252
142
538
2058
3349
466
1254
4362
4553
3547
4952
503
4865
4877
2979
4111
1242
4832
2447
636
3752
2303
730
3731
4753
689
4973
1260
4678
1766
3598
4740
4196
3476
3217
2702
1784
787
2215
4061
4751
1536
4819
272
366
513
1539
2909
2011
4578
153
4685
865
784
4011
3057
1981
635
2885
4696
869
966
1110
4398
4978
4007
3424
2525
1665
2637
2195
3432
1532
1243
4167
75
2961
1915
4796
1957
1871
4252
4629
1158
4682
1182
4645
3984
662
65
3938
3843
3810
333
1026
896
4028
4321
1234
823
2545
544
1277
3568
2403
1366
1386
841
4373
2641
2572
4305
4545
1716
1272
4125
4813
3681
2781
3696
573
2476
3444
405
1750
1462
2318
206
144
2139
4014
2636
579
2275
2585
469
1595
687
861
309
3871
4895
2561
3134
2222
4347
1605
4112
2515
836
4254
971
3359
4609
1435
3833
2697
3344
703
151
4404
4972
553
197
933
4613
3246
2195
1892
3112
4763
4460
721
4779
2922
1682
2561
3051
3646
3606
2744
3227
3870
1560
3624
4179
4552
1566
384
1872
3251
2559
2012
1755
1120
4194
2563
4302
503
3443
2091
3145
2392
1647
948
2568
1184
1371
4983
1688
2774
356
2523
2223
1572
1435
1052
2636
3820
1579
239
295
916
331
4833
115
399
2492
1879
1434
312
1838
775
3447
2147
3846
4413
4246
3066
1096
2207
3110
4352
4967
1786
2017
383
2463
748
1184
776
593
3046
105
4309
410
3700
3997
1487
2797
278
1454
2533
4589
4026
4046
2822
4842
1158
3091
977
242
604
2100
699
3105
3455
3486
3085
4087
4287
409
2050
741
241
1927
1289
3551
3817
2306
3520
2311
1680
1381
1218
1067
2119
1634
442
3454
1239
3125
28
2028
357
3384
824
4179
114
2560
2814
1960
150
4155
3841
4169
2551
1451
1606
2504
1322
773
3533
3927
1506
4051
2555
4393
2115
4066
4403
624
3474
2898
2390
274
3870
899
3341
1489
3320
424
4561
4962
239
32
1362
1778
2966
3833
3094
4299
1379
1478
2748
2586
3607
1923
4423
4392
1193
9
1516
4564
2389
1845
4892
3904
756
3666
708
1099
722
891
3574
339
4682
4804
3720
1547
4964
1655
861
173
3782
4518
2395
3787
3532
4553
3212
1574
2159
4942
1421
539
613
449
1073
3556
3585
3540
1510
206
317
513
4494
2250
4782
1179
3310
40
2738
3243
505
2805
4317
2384
1761
1141
251
3272
1641
948
757
3632
1239
1114
4232
4884
473
2459
19
552
4628
460
3389
4631
2791
2181
634
2527
3824
649
3436
2605
3684
3490
3815
47
1228
503
1012
3619
1894
2014
1955
4671
3231
4566
1917
4482
472
1975
1494
2125
3583
4170
628
2496
601
4981
2800
282
3835
650
3406
4242
4221
3010
1976
2724
384
2732
3301
1376
4622
2857
3639
1202
2924
4459
489
3660
3624
1008
3673
4690
714
1361
3029
2873
1885
979
365
416
3078
3947
3010
3132
4277
405
2440
4236
2217
1728
3496
4533
4860
1218
4458
1176
4449
3781
2058
3298
4459
1417
1456
4866
4468
57
1856
4786
1043
1718
4014
1837
3035
4796
3208
753
2565
4433
2131
472
1412
538
2463
2041
4299
4868
1870
2112
4435
2818
1438
2851
816
2868
1336
2679
2228
1786
4531
2665
95
508
4943
3039
2604
4399
896
3503
1222
3115
4306
3764
116
4535
1564
4000
