3186 1508 1190
770
2808
4079
4334
1039
988
3752
1292
1301
892
677
4644
3469
2111
926
1187
1310
3028
375
3971
1398
394
2848
3421
3876
4817
3290
2890
3300
3340
1671
1134
1220
2535
1209
4906
3141
4336
1013
4937
860
3118
481
652
4101
1105
1987
461
2451
3193
3199
3318
425
2132
2607
3974
4638
463
1076
1580
2734
1997
153
3233
3097
3083
2695
4594
1457
3510
3404
4026
1144
2986
1490
1250
3704
2393
2645
4290
3909
1286
2752
551
282
3625
1351
2737
1628
2876
597
4223
2336
4875
1259
1820
2332
1968
2812
1333
1439
4514
3903
4730
4275
829
1141
1594
2239
3909
383
3277
3472
3465
3850
2503
3814
4854
4875
100
1215
1747
4917
3974
496
4899
4956
3879
1284
1612
2412
3678
3393
4650
2859
3213
2423
4813
4123
2011
3152
2635
926
1115
4689
1999
618
4408
630
4621
2168
447
672
2494
363
1111
739
3892
3105
4800
1685
3511
2621
4580
3906
662
432
2288
546
1834
1590
3535
4736
1781
1842
736
2361
4204
4002
3600
3813
3591
3209
2701
96
1673
1081
4700
4517
2458
3548
2058
712
1259
1953
983
3255
4325
3846
3051
2758
4319
1685
4138
3668
978
4003
1127
3864
2351
3278
993
3264
451
2621
3841
1745
3201
3610
2079
3990
99
3411
3688
955
4068
1588
2368
2512
2698
3861
4682
4666
1908
2504
4323
4009
3486
1714
2590
3348
1532
1859
532
4920
4642
4563
1563
519
1048
3138
1773
1228
2819
4578
2276
4315
1197
1898
3286
1222
739
2472
2557
116
1824
469
3307
1920
2901
4531
4878
4275
4409
2570
4693
1899
3634
2866
2072
1292
2850
4013
1379
1346
400
2763
2314
774
2492
1923
1088
2506
890
4249
1892
3193
3619
4189
4908
4929
3939
4335
3194
4318
422
698
1220
4814
1266
3492
2283
2377
525
4514
2177
2365
3833
1635
217
4450
1633
1721
283
2769
221
1250
2123
303
2503
562
2207
546
847
4318
2455
2780
2797
1413
2650
2637
2136
4019
2850
31
710
1092
4171
4971
3744
2861
3880
3145
471
1522
663
1082
3766
1677
2471
2306
2608
4062
2834
3723
1920
3001
3641
1091
4083
4353
3309
838
4587
2360
1399
1618
1795
3010
383
3369
4391
723
2569
4
251
740
4868
195
3115
4488
3355
1977
4549
4795
958
740
745
4761
4154
2013
2988
2416
3888
1946
1901
3206
68
1353
174
1119
2191
4813
1166
821
4766
1018
684
2854
2772
1239
600
4666
2159
2507
3269
4991
2701
2211
3091
1061
4258
2710
1932
2149
2511
3602
1936
1631
847
1954
1745
3553
2928
2677
2353
547
4239
3545
4169
424
1383
4408
544
1814
205
668
4038
3878
4324
1273
3363
54
1321
438
2788
4736
2475
1536
4439
4987
4861
3977
3919
2161
1586
1343
2160
4103
2799
4674
4190
1527
1879
588
3884
3081
828
400
4399
2430
4533
574
1430
3714
698
1236
4020
3396
2437
1836
1141
3973
1846
4612
2136
4944
2940
4683
4357
4601
4093
2660
3883
4593
1429
494
4428
3445
966
3093
2059
1002
3178
2087
556
3537
2748
599
1488
3840
4355
4775
851
652
2896
1433
4875
2871
1893
3035
1494
1371
779
3032
2797
1691
1030
960
3108
90
1389
2212
2590
1252
3447
957
2999
1794
2237
129
4222
2404
623
4632
59
1846
1173
4635
2964
1115
3021
4575
2459
1756
2052
1044
3002
305
3357
3488
115
3898
4038
3531
3077
2584
4007
2949
1467
713
209
4502
688
2562
2862
3626
2617
4195
4928
968
286
4414
1385
1387
1160
3759
1665
4131
3055
1477
3126
200
995
108
2757
3771
1213
2758
1182
4548
2127
1268
186
2979
4662
335
3778
4349
599
528
1550
2281
3402
262
3436
4976
4079
4865
1272
4280
4653
1386
3947
4902
134
63
2037
89
4738
704
577
4531
2693
4990
2520
3684
4379
3289
1687
4295
1311
1156
4812
1518
1632
2330
673
1265
2521
3234
4400
1045
4252
307
3628
1884
1386
2657
1890
2596
3609
4080
3753
4723
4672
1264
288
4440
3622
3806
3955
2688
4935
1972
1515
4559
2171
2491
2796
413
783
1990
1093
4020
2025
4339
2610
4535
3940
838
810
2912
1315
532
243
1962
618
2624
1243
2727
4533
2455
1967
3174
1010
4331
4253
3677
2162
3633
1866
4720
3705
1362
4585
3957
244
2434
1508
266
2944
1893
365
67
2841
581
1192
703
531
4887
1149
1697
2328
521
4735
2393
991
2179
393
1033
3934
4564
303
129
3504
2369
2261
1952
1454
1374
3298
913
3225
4113
4364
1052
2297
1930
4928
4417
2820
2051
4699
2301
3213
247
2859
950
3067
841
2917
4908
408
2289
118
3509
4266
2660
1631
612
65
363
262
2988
1072
1773
3799
30
2422
1411
1599
2763
2881
4576
1135
3102
1227
2106
856
2372
491
862
3557
3066
4139
3721
90
4861
2861
1289
415
2166
804
3937
3649
746
2591
4503
4457
4390
4804
2477
2051
818
531
2775
270
3683
3706
1306
1729
1920
2719
2352
4355
4463
1476
375
4298
1949
138
3491
1384
2989
2231
3719
1154
2059
1050
2353
1815
4360
1411
3513
2447
4548
2750
4466
1558
1912
3970
3616
1781
2441
1787
1974
2859
1526
2053
3897
1760
4690
3352
713
1703
2003
1909
2663
696
4527
3827
4662
4267
2052
613
1218
682
977
4529
4476
1115
4846
510
277
4287
3277
379
2470
1023
4434
3430
4639
454
2068
2851
2904
3041
1641
4283
938
4976
313
2939
3963
1411
1973
3362
4122
4660
2941
2300
2128
1047
55
2896
3315
578
2779
3111
3934
1975
4288
3434
3006
1022
1666
165
2018
2902
937
441
3582
1793
2902
883
2827
3133
4714
1294
606
2619
4331
3036
4317
3250
4958
3544
2750
4849
213
1269
4486
1849
1708
4725
474
1730
4026
1190
50
523
4858
1724
295
2853
4012
2523
4747
1754
564
3666
2417
46
2990
224
2122
852
4451
3887
4585
2847
2530
900
2997
1389
3164
3592
4618
2924
4225
1099
4873
815
411
1104
3100
785
2005
3327
2818
4263
2319
2899
1196
223
1633
1745
1449
749
533
1230
1920
3959
326
1467
4580
890
3757
1930
3861
3876
102
113
4360
2692
3754
2032
2712
435
2562
3972
116
2328
3605
2236
79
2099
3528
3800
4573
2016
2874
3257
2256
4240
4841
2265
4958
788
2889
4440
1551
3540
1469
1867
3386
775
2853
3525
407
203
524
4735
3074
433
929
1294
2769
3743
1892
121
3701
1160
2758
3151
3257
1672
766
2098
1518
343
232
3515
3045
4980
3578
4328
3578
3784
2858
838
4215
4719
2329
3039
816
2063
1798
3744
1685
3420
3163
1383
1580
4466
1756
3964
170
2296
4321
365
1556
4190
3695
4832
3026
4945
4274
4482
874
1707
503
2313
2856
1139
172
4485
1718
1817
782
4539
1066
4286
1784
724
4271
723
632
739
1343
3725
1620
1023
1698
4911
3587
2340
2040
1763
2091
3275
4784
1599
4144
2620
3668
3983
3999
755
2073
3323
1662
1319
2155
2307
3266
1256
3070
2292
3729
3951
2961
2364
414
2466
1075
2942
3477
688
4150
1005
287
1954
938
1651
352
3230
3314
4379
3591
1081
3347
4686
46
93
1008
2218
287
1771
1611
4153
2600
4674
4923
4256
1321
2174
1524
662
1609
2353
2822
4768
418
1749
2516
4782
1704
2876
1302
4672
4978
2323
555
1185
3594
1768
3614
3295
198
922
1965
917
3770
3197
2769
2804
4094
3495
2459
3582
1177
2407
1331
4577
1397
2101
1530
2038
2169
3269
2476
4897
1870
763
4905
4264
3035
2477
1729
2626
1810
1859
782
3954
452
4223
547
1678
4544
4475
2216
290
2471
4585
1179
329
2548
2733
994
15
3934
1817
1008
1609
584
4277
2914
1129
3113
2576
1457
2170
3593
3075
4520
4873
3126
962
1638
2984
4246
3689
2909
3404
212
3822
1267
137
4236
738
2399
3409
4984
4220
2022
1655
4983
3744
2218
4944
733
4486
3539
3156
4853
4490
3801
1992
3481
421
4827
2565
1157
788
3062
583
845
2209
1686
1759
2070
4617
1089
4343
2955
1973
4158
3890
1657
2719
187
2835
1294
2918
809
1634
4664
872
775
4804
4367
1971
1107
3189
2311
2194
982
1218
4222
2326
3513
3749
1638
2552
1990
1119
2288
3078
3741
818
761
3628
60
1968
1401
2505
4951
762
582
4419
106
3989
2620
752
293
553
2795
3131
1908
2465
2617
4889
1805
4384
1547
2489
4325
4554
3998
3107
3213
2619
4606
3593
1564
4120
4503
4654
4001
1462
3403
2610
4566
2498
2531
2888
3794
2672
1230
4327
4516
2863
1353
1475
3485
3874
3624
3454
36
1059
2151
4901
1038
375
4173
3434
4875
501
2863
4533
1180
1450
2190
1478
374
2876
3725
4578
4176
695
298
359
1242
2143
1782
1623
1904
3360
3236
3163
4868
2393
263
2183
286
4218
3421
3227
916
1136
2394
340
1981
3434
2708
2130
4160
1562
2360
1286
3294
3854
3385
4553
2948
1494
160
3487
68
2165
108
4149
4247
4615
4067
1182
4669
1112
1378
3086
252
4766
1064
4488
400
1411
4468
4252
3374
1499
3714
2779
2879
970
2555
4233
3014
4011
4444
3361
2731
4855
351
2187
1120
3686
746
3693
1954
802
2354
119
4400
2674
2540
773
4689
26
2256
4526
4997
2085
1562
2782
3295
3064
1520
2807
1573
1647
1803
4039
4678
3322
4831
4443
4001
874
319
908
4071
3227
3807
4627
1505
4725
4137
4965
3499
2762
1313
4582
484
2453
3353
3940
3340
3514
473
926
4061
2351
3270
4272
4638
430
3987
3257
4053
4510
3364
2674
2133
2592
3430
1709
3901
4118
2715
1796
4615
4358
992
3693
540
386
3341
4959
2916
3733
2944
862
247
4692
1379
2682
846
1845
2525
2762
1899
4093
122
237
4521
4206
4332
3301
1896
1669
954
4723
4137
3341
964
2305
839
1710
1563
1885
3126
3306
1569
4424
1688
468
1973
4592
1546
1084
4110
2138
3059
683
4821
1729
3509
3728
2563
1549
4994
1199
1523
3934
3602
113
3090
4621
4752
418
189
3567
4855
979
4253
4553
4925
4768
3818
3215
2072
1339
2529
138
2031
721
1023
1502
1446
1693
4828
3911
4233
4186
4389
847
1152
3565
4964
4044
472
4308
1003
2931
3906
2954
4434
3344
2909
3639
220
2696
3915
3176
1908
872
3203
4019
990
231
2883
4568
4103
1926
378
4697
1716
385
2884
549
10
1446
3705
807
4626
2946
3763
2633
3450
4143
1248
1888
1954
3299
3992
3867
541
4655
3863
2627
3919
4819
713
522
2961
434
689
3927
179
1864
1836
3023
3543
1240
100
4020
4453
2121
737
3997
580
674
2031
4077
4549
1386
4324
3547
1601
4266
3002
3283
3557
2001
3494
4243
1311
3446
794
2560
1062
2390
3968
4252
851
1651
2067
3093
1662
4867
499
766
2486
2071
3890
491
601
558
1438
1713
3851
2681
3639
3514
3346
1235
1242
4808
4098
1851
418
2017
2510
3581
4304
244
3222
370
4550
168
1205
1735
4518
311
2815
513
2774
4721
1108
4126
3524
3571
714
2895
2873
4640
1076
4971
694
2845
1175
4910
2134
904
3411
2877
4330
4212
841
2208
735
2699
1333
1907
821
101
2407
238
1423
1629
616
3335
1270
4890
3789
4276
4957
3105
3609
928
2746
2550
2186
132
2369
3722
4970
1291
2543
2793
3217
4798
3962
2542
1766
3683
2749
2838
1647
2512
4902
3138
4124
1898
267
508
729
2737
722
1149
2452
3648
3284
4010
2725
1689
4445
286
2830
3810
4591
2785
2238
2544
1786
629
4163
2818
1895
4925
425
2737
218
4143
2902
4770
2305
2756
596
909
4141
3460
395
3800
1774
4570
4033
1690
2293
4645
2882
379
3179
1060
760
4116
3226
813
3497
25
4422
2999
2413
1369
2731
1315
4424
4876
4596
2046
891
3821
669
2512
4259
932
2194
3945
4139
3832
3413
2305
4407
2619
577
3411
1031
479
4467
4679
2774
320
2688
1662
716
70
4863
156
3156
4526
3543
4708
2480
3045
3684
474
4663
596
1206
2130
57
4486
3124
1967
2726
3423
2439
738
4159
4020
1761
4151
2705
4605
1210
3389
2799
2888
2012
2895
3857
367
614
2668
4016
53
3017
3403
4336
4970
256
2767
4562
2785
849
1228
682
4920
1514
4565
782
3822
2982
1937
3378
2470
1853
2789
4365
2703
3689
3561
2879
1171
4130
183
1351
753
742
4316
4012
2598
1094
3976
1240
4793
4225
3244
4430
936
4153
4691
2872
570
4802
3353
827
4904
1792
3572
3949
3620
2899
909
1538
1181
4830
1631
1197
304
4196
4332
4476
527
1102
3910
2259
3314
4877
246
989
1514
226
4170
2444
1208
237
4973
2441
4159
3441
2073
3662
4934
1016
4133
2821
45
631
147
2445
4450
3599
2947
3697
4320
2191
2703
1358
1941
4721
2579
3256
8
65
2638
2503
2052
2923
3418
4418
4732
3933
3802
2602
4161
4446
2428
3378
1643
2167
2479
4690
427
476
2669
829
2792
1130
4863
3309
4195
2530
3644
2761
1772
2364
469
46
2737
4891
4465
3985
990
235
3478
4360
1150
3086
3070
347
2676
4531
4812
3573
2930
4239
1602
49
677
2440
1062
1049
2891
494
3571
4476
2005
1062
2378
2509
3967
4809
258
3591
168
3271
3863
2895
2223
2960
4779
3153
207
3973
3493
3481
2023
2859
1556
4664
3474
2612
182
1896
2710
4128
3317
544
1362
4692
229
2703
4736
3884
4850
347
1596
2684
387
622
4168
4287
2883
1233
3289
169
3334
1936
3628
3247
3136
3330
4920
713
95
2672
3181
4843
1978
3546
1571
1000
4178
1882
2721
3234
2616
1436
941
3308
2146
1395
4897
4312
2264
4093
3044
2402
761
483
2767
1542
4558
4505
2462
909
2013
3227
4236
4358
1719
1118
1242
1000
3087
314
3140
4517
557
189
2261
4094
362
4752
1756
1786
803
1954
2605
1208
150
4378
511
2522
1148
1281
777
3776
4243
610
2150
2435
3144
4699
3408
1441
2614
4791
1773
2786
854
4833
4290
4212
984
393
2018
3955
1292
4811
4173
3969
1234
2454
1893
2148
1442
4930
1400
1548
1033
2058
1775
4518
1770
3894
290
3173
1004
2005
1851
3803
4336
4305
3013
533
1048
2671
202
4748
972
2512
1389
2999
2787
207
2863
1903
753
2586
4441
2796
3689
3162
3199
3550
69
960
2819
1782
4301
2774
1346
936
906
4193
2907
3441
1434
3360
1393
1779
1066
3542
58
2301
3523
2536
4325
2044
750
4985
2401
3976
729
2612
676
608
4183
565
3613
2042
3808
4677
3656
1341
2138
2676
4284
2717
2844
2629
2791
2583
2988
517
3869
543
528
1939
595
2977
2265
1761
4859
3409
2822
4531
1652
1825
1898
2221
1281
4906
2687
1658
2401
4872
1211
4623
345
4852
605
1150
1712
2745
4108
4808
4011
1903
1500
3668
4881
1465
2643
1869
3212
4924
2514
4111
1258
1665
4741
3373
3789
4436
2631
399
369
3663
3168
3250
2531
2420
2654
1175
367
3714
3581
1826
3551
3654
1312
3219
1344
3102
4034
3067
2693
4425
4338
4828
4739
4421
198
3327
430
2076
4174
4459
4310
4183
136
1527
4503
4107
3177
3259
2075
4488
2135
4215
4046
1956
2538
660
1610
2872
3515
1533
3135
257
2945
1372
4583
4773
2263
4618
760
3110
3698
2895
1333
258
2081
1498
2808
1736
2077
165
3488
3673
161
3123
841
3580
3714
2405
770
2305
2123
483
1064
2712
952
3553
56
4476
3305
2059
4026
1860
1629
212
4875
4915
2264
2412
1925
3817
783
54
1983
4554
2367
3845
3017
102
4270
586
3298
609
1846
4837
3636
3628
2201
622
3523
1361
1094
2189
2225
4552
2707
4115
1228
2838
3406
4852
2597
1154
1214
1334
1078
161
4423
1729
4083
2779
1577
3526
224
383
438
1198
2247
3808
3467
2086
318
1112
3122
2528
1809
3192
4724
1686
1091
4841
3643
26
3950
2992
2717
3053
4153
1907
337
3928
1401
2099
3382
104
4001
3095
1651
515
1243
2736
4617
3779
4297
3658
2608
3617
2779
4757
335
3079
2694
4772
2091
1641
1478
3922
2870
2493
4288
3965
4287
3689
4149
1164
3678
223
4256
4583
3267
4687
2476
811
2907
636
28
917
821
4565
1718
4618
1105
4793
3437
4213
77
4551
3583
4316
408
3459
4846
3510
4235
652
2103
2233
4597
2114
2056
3000
4842
529
24
159
2707
2229
1337
1608
1962
3763
1223
4641
950
855
4182
143
245
3738
3075
3336
3022
4375
3063
4173
3306
1667
936
2905
1697
897
4979
1652
1322
4632
3094
1345
4278
1973
1279
1968
2884
4583
4279
2504
4947
3199
901
1255
3676
4199
3639
1206
3032
3081
327
2802
4467
1736
4688
3219
1108
583
3390
4050
4585
2582
3732
160
1111
2366
2932
2502
4528
682
2655
89
2124
4710
3005
4215
2054
2114
1920
1705
2243
732
1669
2988
667
3174
446
1334
4090
1387
4562
3553
3954
1090
3975
565
1865
2215
202
1353
2071
2217
4228
2817
4254
1210
2738
3570
3398
1799
4141
1569
2475
3120
234
4561
1913
1130
2976
606
2683
3800
2721
378
2844
3976
577
453
4467
245
2279
1618
4800
550
715
4394
4819
2167
1171
3181
2463
3834
3229
3513
1647
4683
195
4831
4126
4794
1357
3000
1349
2029
314
1729
45
4721
2118
1888
2396
3887
4994
2587
4878
3894
2735
1327
1294
3957
1025
4814
1896
3391
1453
2592
1951
2240
1778
2538
2054
2356
3479
1638
3390
2648
1687
1521
749
2086
3840
4902
4068
4227
4969
3744
415
1271
978
3450
2741
4230
521
3094
4123
1432
2321
1048
2997
2554
4572
4897
1591
3454
3165
2548
1602
1221
3661
4779
139
2230
3
2667
819
367
4498
1512
253
2598
3378
2022
56
3544
3871
313
4007
631
2140
293
3232
3683
4815
1210
474
2429
1375
1430
2597
3299
1818
4319
4157
512
3325
4184
4050
2346
1932
751
4490
4326
4915
2633
3932
2309
3301
4632
991
1528
1658
62
3294
2357
4327
96
2400
1380
865
736
3290
4547
2625
1158
593
4018
2946
267
1693
2731
2680
2139
3830
2318
4936
1488
614
3995
1615
2203
1524
4239
164
1949
1740
4515
4351
3388
551
982
1824
1468
4385
2684
3924
4449
2651
3636
1701
1333
791
1472
815
112
1079
3526
4518
2498
2148
2533
3204
1996
3038
3956
891
705
3241
1897
2473
352
4019
2027
229
3518
3333
2329
3492
2811
3212
3542
1385
1263
859
2121
3165
4897
3065
1178
310
933
1553
2414
1684
3287
1411
2730
1240
3224
95
1881
2362
278
2017
3143
3349
4788
3732
1838
1086
3988
1164
3940
606
4695
1875
3675
1030
4716
3876
302
1778
4624
4705
103
3658
44
373
3433
2073
