1434 4396 2029
1046
2519
4260
2530
4649
4810
892
1064
2171
232
13
3434
2870
3229
1370
2433
2542
4277
197
3719
1645
2973
1948
3239
3547
2521
4147
590
4896
1167
3233
4762
1629
1444
971
1328
419
2288
2547
2386
2755
3240
4387
1279
2230
3493
1163
815
4394
1485
3000
977
4056
2474
2033
3612
3141
3987
4575
4264
1326
377
767
673
4475
1105
3983
2889
3142
902
3792
4500
4884
114
3435
2147
1467
1624
1387
425
1465
1209
4381
3576
2812
2742
2223
638
749
3978
4127
2630
584
4998
3134
962
1292
305
4492
2689
4710
3133
4582
4975
4777
486
156
37
1562
1764
3407
2615
4427
4633
2832
2874
4995
1761
3714
3668
4929
983
4716
4254
244
732
4640
4852
1524
3801
3894
668
686
4069
2397
751
2012
4338
2275
2531
3060
2112
3452
1712
2074
658
290
3027
2788
1509
4347
2752
4115
1545
728
4538
3863
1924
4846
1187
3698
4267
2347
301
1194
1193
3466
2606
4547
2092
3518
4619
2214
1877
3416
447
4715
4551
4251
1997
2320
3588
3967
3885
1419
2853
1742
1029
380
4509
4274
614
2867
4002
984
4441
3707
4927
4201
1014
1591
4937
3333
2204
2658
4959
2356
1768
1560
1333
4529
3244
4103
1677
133
3703
3479
2313
4008
2680
4990
3052
3292
4675
2605
810
912
4034
4594
288
4880
86
110
4322
3950
1969
729
1868
1978
1221
2633
3612
3661
1110
4820
1168
2140
2616
4787
4046
1930
481
4728
288
2614
1899
4988
2217
4249
3436
3723
2981
4929
3671
4383
3629
525
2115
4024
22
4843
2021
1465
2383
3898
657
2921
433
3437
1387
221
519
3830
1617
162
3327
3617
101
3532
2502
1305
2618
679
3372
3618
4302
1521
1284
4832
3605
1366
4167
4017
2114
2368
3901
437
1821
4691
2132
2194
3513
441
4202
2053
2631
2759
1085
1665
4210
1698
754
1874
1737
4686
3287
3203
2
1017
4248
4144
2500
2932
1722
2138
2936
411
2342
2643
3922
562
3166
2563
1724
1755
130
2894
556
2317
1752
1689
3002
1238
4797
1313
2579
112
1586
2508
3492
3251
4607
4398
3835
4294
1278
1013
3924
3612
223
3141
229
306
2789
1871
3208
3255
2931
3468
2688
22
3908
4182
2528
776
1790
3772
1301
4711
2521
4629
1599
3706
2627
564
242
1863
258
1799
4712
4169
2969
953
246
3136
3682
1948
1360
2444
1041
2274
4079
132
1639
4759
641
1416
1987
883
2702
657
3055
4120
1347
3488
4905
3860
3793
1934
2146
1428
1172
4048
4509
686
2565
3055
4916
2623
2010
2360
1005
672
3164
3354
4762
3423
953
1012
1722
489
2875
4587
2654
1673
3784
550
4819
970
1658
1170
4603
3912
908
2338
648
1741
3098
1892
4476
3661
4960
3501
3242
2868
4320
877
4340
2502
1348
3000
2849
455
3642
457
4581
485
1155
2266
1182
4156
3601
3074
684
2576
2181
3076
4387
1698
3506
2790
3575
3386
3685
498
2957
1967
4744
2279
1222
1830
1551
3894
4744
1290
4888
739
1573
753
1914
3871
466
3061
970
3721
3356
4307
59
1332
2599
2397
4539
4313
2099
4279
1941
2520
1140
4108
1750
2722
1388
265
2731
2211
2794
2661
574
4235
1282
3144
694
276
3512
3849
4755
2518
969
2772
4158
3870
2395
913
2048
1005
4687
3377
4175
4604
3921
3378
1094
1851
2694
3231
3372
4987
991
951
2294
2979
4927
4636
1927
2432
2615
2382
3766
3921
4409
2723
4002
1399
71
4475
600
2391
199
913
4592
2675
3621
107
947
3917
2878
244
3777
1513
1821
4821
3784
2899
879
4123
4993
240
1661
4445
1517
4757
2803
1943
3432
4964
1951
1738
463
3201
715
1785
4449
1331
2582
2647
1931
3409
4091
3396
247
3246
4063
3924
4635
4643
761
2235
4160
3726
2399
4347
2838
2627
4437
1971
3422
3629
3347
3212
326
1547
2936
990
623
171
3311
1180
3260
3318
3358
4034
4736
1047
4443
4675
168
4927
1684
2227
3794
1383
1918
659
273
536
1458
3329
1109
3310
2110
4187
2132
4335
3816
636
1220
2442
4287
2758
549
2931
3143
978
4569
5000
3304
2314
679
1416
1374
2653
2124
2046
3369
3822
3648
1798
1509
504
416
1616
2622
4616
4255
3796
4705
1214
4761
1168
4778
4504
3274
1473
4060
1507
2028
3521
213
1264
4703
2286
523
1492
2933
4047
1175
2588
1649
4934
635
4004
3636
3044
4925
3146
996
1553
3590
2962
1867
259
3122
1696
762
3984
3298
1931
4111
642
3533
4706
3037
1076
2262
1575
3665
4138
3594
3352
104
572
3428
4042
983
4187
344
4363
522
1507
949
1326
4978
3601
4753
411
390
1197
1051
3362
2651
1810
840
105
1485
2033
4881
2351
4996
1063
3995
3490
34
2002
1936
1277
796
3116
1361
1108
3890
3404
244
2322
4158
1768
1684
1998
4788
4353
3275
2516
4195
1252
1816
300
3064
659
1404
1091
3073
1313
3395
1242
2095
4575
1036
1691
609
2060
1298
1549
4792
1626
3793
2538
806
397
4673
2456
720
4806
3764
2783
2565
4225
1807
484
2180
2399
1575
3773
4688
2614
4614
287
239
798
22
68
129
4295
2274
1455
1610
1375
4719
2914
2390
1264
3927
704
1106
227
2861
2880
2422
307
1289
4760
4856
1076
1965
4760
2825
4572
4654
336
1272
3099
2128
4203
4499
1035
2756
577
4300
360
4366
2816
86
4259
882
4122
519
1403
3061
2410
3357
4099
530
4544
3469
862
3695
3740
291
4268
1128
1075
3678
4468
4965
4613
360
3488
3133
81
4519
1295
4226
866
678
3074
543
4494
319
677
4835
691
1158
2179
3356
1424
839
2495
1016
813
150
613
1393
4469
1718
4332
1291
559
3485
204
2108
1063
2242
1045
1121
619
4418
1428
4350
3808
1528
4125
442
1403
4452
2960
3302
4868
1633
2411
2821
2439
3322
2713
210
2254
2559
906
4627
3472
1980
4674
83
2916
4183
4275
4920
1810
4663
2352
5000
717
1964
4684
69
738
3162
4514
3364
459
3672
1588
3716
664
4393
4259
2399
3127
1705
2534
3977
4344
2482
4201
2566
451
2305
980
2505
4138
1013
2524
3229
1842
1044
3613
2676
1500
1394
816
1203
1184
4534
4781
2906
2971
3486
2601
4823
2461
3367
32
1880
2906
1652
3154
3565
4276
2978
765
958
1197
592
2071
4411
3157
1104
641
3713
3652
1480
660
1977
2966
4337
1263
1048
1060
1375
4888
760
978
4070
383
2546
4160
2400
1197
2850
3527
3017
1663
4569
4639
750
2174
2635
4224
761
4969
4824
4220
1991
312
1105
4514
3235
4885
353
1622
4325
1906
3695
4415
814
1222
3728
3387
762
3140
4699
3669
4043
4535
585
3943
3998
4445
2086
4242
921
1968
1510
3632
1806
4147
4412
4222
3214
616
438
779
4586
2167
859
383
1538
750
1468
3833
1245
4636
2492
383
4659
547
4087
3481
4840
574
80
2790
2999
4474
4254
2205
3618
4155
1762
1125
917
4361
3017
2432
3497
4518
4747
285
3722
1784
815
4333
1716
758
3578
438
4931
4229
1425
4448
1483
4317
1462
3006
3900
2346
4142
1640
1316
3894
3089
694
1321
460
4471
4347
1203
533
1255
4381
3567
4435
1935
1391
3314
1289
4889
1734
4143
2705
4832
4868
1537
999
733
4616
2597
2972
4886
3593
4494
3561
4186
1128
4555
4311
3344
1868
685
1964
4232
129
2690
4614
2945
4397
1432
295
213
282
289
1769
3962
922
3479
319
2497
953
1203
2778
306
1290
3968
126
4120
3136
1535
4875
357
3600
3146
1202
3595
349
4300
3059
415
854
2053
1896
1144
2284
4898
702
2546
4461
4839
4525
2565
3525
777
1252
1150
277
1138
3063
956
289
2257
1707
1411
2734
857
4421
2777
476
3985
4483
4506
4558
2613
1321
3363
4184
3963
266
4109
2457
4716
2795
1233
4692
2397
3702
1390
993
1785
3476
3510
4726
780
2607
742
1546
2650
3716
4903
2461
2187
485
4396
1661
2083
1257
4407
2108
1271
3756
1184
135
3266
2615
537
1147
4602
522
5
3004
3697
1182
3783
4062
4434
392
4996
3181
875
1516
1257
4921
3924
1287
2105
3084
4301
2937
1158
3626
3954
3898
926
4312
2681
1982
3245
785
3434
1460
2335
3497
2278
2656
373
2786
746
656
4830
711
2265
2894
15
4008
3166
86
3233
1705
4431
2458
1393
4569
3764
3984
92
198
4135
2687
2039
