433 4080 4012
2723
3207
269
525
3444
938
2567
2168
3585
3186
1050
649
2498
2429
749
42
2201
3331
2269
401
3358
526
629
2086
3912
2476
621
4238
22
1883
1658
4962
1299
4432
3731
3590
4435
4370
610
3790
2971
2575
3437
4900
1391
4352
3822
4259
4267
2164
710
4323
4866
3640
2167
676
3178
586
657
3074
1363
2872
3255
3478
754
769
3355
297
242
3487
323
44
585
2507
543
4765
4654
3768
423
2566
2010
4052
583
3219
3612
4897
2568
3865
2120
841
1818
1465
3161
2188
2363
3011
2583
512
3130
2679
2575
3748
4914
2610
2781
2893
3144
2491
1421
1423
2624
2811
566
932
4434
126
3768
4874
4480
165
212
4416
3767
547
3121
21
3945
1616
2584
2663
2367
849
2980
738
4504
337
4795
801
4445
2969
2864
2216
173
4584
2213
4568
3334
3478
1237
1565
2051
4117
3343
2968
139
4704
942
3924
4228
3047
1551
3518
4775
3840
4346
2885
2527
4321
2163
2951
2656
1686
4330
2850
453
204
1294
1230
2394
3070
1063
2535
1143
4880
1868
4650
595
2818
2595
2468
3339
957
4764
1855
3810
3582
3790
4802
2427
2794
956
636
2008
4552
4861
433
2690
3900
3930
4315
1612
3856
2768
3315
3815
4743
3354
3290
3803
3076
1815
1251
1069
1653
154
2485
2694
3394
2872
117
4219
3750
808
4117
456
3032
1702
371
1967
1605
4479
3397
1453
3216
2517
302
3768
1276
1696
1484
2076
1044
2268
1152
2055
4241
1188
47
2455
4595
535
4507
3712
3871
2132
3723
1860
4203
4763
2600
2807
521
3051
2585
2842
4069
537
1825
1023
4114
3328
2812
4818
3201
3985
1518
1719
1533
4770
1789
1472
440
4023
1281
2271
2079
2169
3364
2677
1011
2694
311
4577
350
3649
2885
4295
3750
2645
1098
1322
4461
3593
4231
2650
2562
2716
4031
691
2666
1089
3996
4582
1347
1107
3464
1324
1981
4874
4726
89
2294
4484
4771
1169
2655
3885
1075
4582
1894
3173
3579
2679
1369
3563
311
3368
86
989
2636
4366
1854
681
4310
2252
151
4311
9
1556
1715
316
4695
883
3063
229
4869
621
3233
818
3464
4707
434
305
1142
882
1619
2093
2471
1442
686
1972
1044
1228
140
386
4116
2060
694
2962
4684
413
739
2118
2725
2673
541
3174
3897
2684
4539
2018
4471
3472
4333
1986
3610
834
1839
288
1471
520
3920
930
1670
2364
3330
904
2531
4453
3684
1586
937
2843
3262
4727
4949
787
2029
3327
4059
3738
3823
1018
