1218 797 203
3984
528
1170
3363
660
2677
4061
4674
4329
1211
1157
3054
4584
998
4299
2570
4444
2228
139
3864
4164
4204
1360
193
1510
4158
617
201
4179
2179
4570
3005
966
4182
2108
4357
3178
2482
4529
685
2229
334
4956
3946
670
2087
4913
1025
358
567
2154
4905
1790
840
1927
2979
2382
1017
4020
2074
1942
2815
4118
515
3001
1396
4635
4318
2882
4954
1029
1062
1658
2886
2521
222
2992
4622
4428
2049
1453
4207
4121
2829
2922
4395
3365
1327
616
3263
1533
1380
4707
75
3528
3034
2876
465
906
1967
1064
2836
2037
685
596
4965
423
3682
2258
2204
173
4468
840
165
727
2343
2582
4645
4745
4205
1157
2523
626
72
4573
4680
567
4015
3684
2886
886
2780
2172
420
4472
2049
547
905
131
4925
1612
1435
3103
2705
781
1336
4864
2667
3541
681
839
3062
2438
4246
613
1265
4512
869
508
779
2532
4535
699
1556
610
2954
915
2146
4268
4243
88
64
803
1369
4493
676
1281
4714
1670
4153
1305
2502
4857
3770
3894
3646
4012
1585
443
613
4868
3029
3132
3947
4546
456
1878
3868
139
1896
75
2612
1085
4572
363
4220
4859
3717
1275
2673
4095
4324
1667
2275
3058
1067
3141
3066
3690
1430
1429
4011
2974
1411
2541
4683
665
1064
4406
2012
4796
4332
2140
4621
62
4191
1609
3058
3658
4372
2452
716
4971
119
233
313
2834
4725
2312
655
747
2516
1132
109
4961
3395
997
119
2615
4297
405
4941
1796
1000
4085
643
4473
4685
2957
683
1133
1714
4319
4624
4955
4791
833
2953
875
4392
485
3722
3839
1183
832
3323
2247
2101
4706
3387
4020
4250
1323
1492
4236
3103
4289
3217
2534
2572
1330
2526
1535
4283
929
852
341
2433
2558
3424
2480
665
3167
1150
2702
2989
180
2043
3965
4944
4943
741
1591
3374
1758
4463
4001
2212
4757
3626
2564
2344
2083
2370
2778
1597
890
262
414
2606
1039
1941
553
4831
3922
1067
1466
1194
3464
4013
2084
3292
4031
2750
4003
4953
4033
1902
4429
131
3032
2996
866
4350
3382
4270
3662
3833
1220
4830
479
4756
4744
674
2003
2179
3155
174
2690
2424
1733
1040
45
805
2015
1089
1704
491
657
4492
923
4719
2853
464
1994
3319
471
906
2012
1014
3948
2173
2577
2743
4602
4565
1053
4216
1862
2001
4679
956
282
3333
4417
3740
1079
2084
2260
2805
4467
4390
3034
2384
2363
2972
2880
1803
3486
1428
325
2893
2537
2409
3926
3439
3152
3940
4920
2939
1098
3834
1255
2605
3931
1444
582
576
4240
3638
2557
3218
3390
3725
4448
3571
2925
4281
4757
1362
2198
4710
1727
2321
425
1008
1201
1507
3675
3452
4782
3552
2433
4385
523
1490
2201
547
2734
648
1795
494
2423
3383
4090
672
1394
1183
2666
323
237
3543
4705
3859
4554
848
2129
2983
914
1098
4470
1454
408
4633
575
2534
1831
1778
3835
3995
4092
1087
3217
3307
750
4216
1886
199
608
1101
3298
2564
2464
2558
3792
2470
2770
2561
4799
3060
3262
2346
3133
2337
3847
4191
238
1247
3830
4990
3982
4780
4609
3256
1122
1849
3537
4235
1124
3083
3440
2971
79
1988
4061
2796
2091
2366
1030
2601
4649
606
4717
4082
613
3951
2668
373
889
2630
877
1971
159
1514
4890
2913
3326
3452
440
1662
2395
888
415
2077
230
16
3855
3344
2107
1994
1836
2210
412
2039
3314
2949
2344
208
4209
2108
421
2535
45
3312
2
3905
941
4923
4231
326
4427
4579
3390
4303
2017
3388
1448
2622
178
3077
4163
369
4625
3613
4499
4852
2546
2564
2420
2576
2298
305
233
205
1069
4212
4276
349
4281
4171
2827
3021
4658
925
2837
3987
1525
4326
725
4448
3864
4769
3481
968
1737
357
3011
1189
4892
3557
375
3487
1662
2460
1830
4678
1659
3159
1048
494
3302
4560
4715
2974
3793
4915
1574
4758
3682
20
207
1749
2972
1907
1532
338
3386
1194
4272
381
404
4190
1450
46
2040
2108
1629
2306
4732
3840
2123
3049
3660
351
4929
921
4271
673
2804
2791
2800
2797
4393
3178
436
603
1442
1050
1702
4366
21
2165
3036
926
4512
1057
3970
4020
2639
2697
3817
3623
4287
3606
4862
743
3785
598
1596
4255
4212
2395
2774
774
1238
2071
4091
2835
1486
180
644
4213
874
2136
1570
4016
148
4577
2791
3277
4111
3966
3625
83
1408
3540
675
1935
1008
1398
2619
2804
1891
2765
2263
4089
114
3391
3929
2445
36
885
2267
852
2238
566
3261
1038
233
4666
2279
414
81
373
142
4555
3827
2137
1199
3595
2352
3585
2631
1123
3455
1628
734
3475
3300
3740
2492
964
2642
1350
3647
3209
2937
498
646
2832
1883
4611
2864
1331
568
2470
3450
807
4964
560
4101
4956
1751
427
46
716
2015
3723
2090
1714
3215
2607
4468
4754
336
4901
4534
1877
3181
970
938
4336
4992
4779
3736
1941
3018
4422
1276
3231
3587
2518
1657
2912
1827
1892
852
4579
1965
1307
2323
1682
3774
3763
1277
1650
4419
3236
2216
4146
3599
1532
2941
598
4505
127
4068
2698
2859
1417
3783
2919
387
405
2721
3231
3295
4591
4262
3989
3993
4075
1094
3718
2275
2213
564
4495
3243
1314
2342
3010
663
3942
4622
4530
84
1750
3138
545
1017
885
4969
2970
4922
501
1562
3353
3082
3131
3776
2006
1418
1450
1995
4656
1366
4693
3831
3710
338
3003
280
1709
628
2573
4189
1087
1046
2573
1849
1273
576
399
3678
734
3738
4316
1681
1038
206
1647
4450
1608
2452
2066
2402
4343
4511
1676
1168
3037
1394
2639
2880
3777
725
2879
531
842
4157
2733
959
4320
2885
3979
4294
2175
1325
4610
1101
3379
3818
1934
1257
1789
3312
3938
95
4249
1383
4399
677
2184
4674
2896
4166
1071
4856
797
4966
903
3512
3451
348
1190
3657
1545
4238
1538
4103
4818
133
3499
2061
3785
4533
1972
595
2909
1744
4698
3256
404
2715
4570
2417
1167
2331
292
1141
2782
932
988
1905
1418
1522
1715
3003
1472
4429
3243
1063
1783
2735
355
735
4798
818
129
4576
4455
3546
3784
4906
1652
3779
199
615
2016
888
1658
3807
332
2522
271
167
4672
147
598
977
1015
2330
2745
3481
4999
349
4057
3499
425
423
3361
341
2652
2939
4506
2191
66
1524
47
4580
261
12
2390
3995
3876
1759
4265
28
750
2464
1098
2531
4568
4758
56
4362
1655
1613
76
1657
2863
4861
4968
2124
3536
2263
3176
1960
1441
2772
1486
1344
881
410
2462
149
4996
1291
623
2527
3402
2659
4646
2929
3889
2328
408
1551
4240
1923
1436
733
1651
2808
1405
2216
4819
3243
2541
1019
4080
816
2676
1169
4155
2172
4139
989
3355
3886
1933
1273
3507
1865
4294
2019
1330
1230
147
2549
2994
225
1961
1124
651
1547
2286
3991
3632
3349
3328
7
1624
1799
848
2199
3301
4832
345
1522
28
2153
4539
3920
1258
482
4243
320
2903
451
1608
3113
2354
3310
2376
2653
4577
