4598 3660 1230
1159
3545
2693
4095
3312
4472
3165
59
635
1303
4445
1718
3667
4518
890
3447
200
4244
3511
4740
4682
1162
2081
405
1284
2807
2220
3495
4272
3038
1502
4647
4696
4484
4234
3943
867
1247
3885
896
4612
4262
1460
2872
4043
1529
2939
2663
3500
3558
4015
2802
2172
879
2175
676
99
2862
4667
428
270
2088
4161
1653
1973
6
2157
3260
1395
1938
3518
2905
2763
2461
4951
820
4446
1311
237
3062
3905
742
2676
2177
3650
150
3414
2759
312
3265
167
550
2142
4696
842
3578
193
3488
653
499
2955
856
2022
279
4457
1040
2207
2392
765
2480
2727
4736
2651
557
3079
32
978
908
3758
1359
819
4030
4851
2764
3140
2839
529
1237
2516
3296
1124
3804
851
2378
561
2377
3738
4122
4161
953
537
3777
2316
1097
1384
593
2797
741
2190
2448
2233
4621
592
2244
2986
340
1292
578
4185
275
725
3859
3696
3042
3436
4721
1005
3152
433
2892
1292
2519
3685
4720
290
1107
3212
2176
61
3209
2896
3898
4289
2347
2304
609
1030
1235
984
2894
3648
3454
971
2799
4277
2346
4595
180
4833
4006
3996
4555
3602
65
4848
4191
2873
4186
1364
1522
383
4326
2298
202
2525
2288
1343
3334
2474
4063
3068
117
4261
4735
4022
1115
93
874
2900
1181
4506
889
995
1673
1873
422
2870
3481
1796
3454
2079
2930
4037
4239
1399
1225
141
1100
3539
2933
4225
2523
2903
1370
4649
710
3278
4738
2654
2833
3559
4611
4503
4471
2059
1537
233
3032
3651
4196
929
1564
4325
4556
1441
4546
627
270
1677
4860
707
4997
3385
4803
1235
4153
3158
1172
2763
407
2510
3569
3317
1118
2899
1083
3459
2395
945
4521
4415
1204
964
4699
2555
647
187
3734
3043
4304
169
2290
3567
2320
1804
3862
2894
3339
3333
200
4352
1140
4812
4596
808
4765
1667
4793
4477
3924
3199
4503
3555
377
596
4884
2781
65
2770
3545
1061
937
4866
3798
1123
4338
4878
3156
3024
807
989
4186
942
242
3106
3470
279
3231
2760
2306
5
1490
4564
3093
3156
2519
725
2280
1473
3816
3129
3591
4855
3327
1774
2576
3151
3543
2162
1866
184
2088
1215
3504
132
471
3067
1669
2062
4954
729
2288
802
3055
1112
1305
1317
3560
2208
3160
4694
2137
3675
214
4544
4089
341
986
4407
3698
802
4669
4427
4354
4193
3466
4442
1721
1846
3505
4440
3333
1553
1059
4463
1501
1538
101
2624
5000
2592
2240
2106
730
2278
4589
4777
2572
2132
1774
4302
2673
2992
1946
2192
4249
744
4934
4397
4240
1959
2857
3263
3211
3277
3551
747
3595
1372
745
3161
1726
2209
3451
783
191
1695
3134
2270
3062
3583
3444
959
1815
2424
4081
683
4930
4177
73
2731
569
2906
1180
3967
1685
4255
2177
389
2271
2699
3523
1746
3948
3953
1041
735
769
4732
3374
1872
116
3612
4053
2625
4064
2257
346
317
4630
3657
1777
4860
627
4957
1803
2310
4390
4905
1200
511
2805
926
4826
3823
1246
1176
719
3060
2190
3809
324
4653
2476
1888
1926
2592
839
2275
4695
709
3491
2173
3676
1531
3336
4232
3504
2918
1148
5000
3828
251
4626
1877
925
4480
1397
2468
2905
2477
2103
3267
2399
1095
936
2049
2278
21
191
4158
3800
3676
562
1815
4894
1156
852
376
2219
2390
1939
4447
4916
1486
147
4130
4185
2353
4482
3725
658
101
2738
2392
3739
3503
1951
45
4598
1242
1918
4971
1404
806
4303
2460
2785
3663
4034
4988
4973
4399
4485
4149
1400
416
2829
296
2740
4772
3861
2259
264
2582
4681
1714
2693
558
2167
822
1357
2172
3909
509
314
2646
484
2927
4405
3171
1333
2217
1061
1094
2246
2506
2912
4550
4072
2244
4009
4033
3735
4037
4230
424
839
203
2883
3192
2867
3963
2715
4424
2442
1100
3371
3849
3867
1176
4627
2960
2575
3947
1265
285
4835
922
2202
1739
587
1346
2186
1828
2912
493
4797
132
2603
1601
3766
4388
4173
1051
1607
492
3124
4641
4292
1888
3121
3358
474
2568
1428
729
4571
1109
4098
1979
4854
3991
1635
1926
683
2402
2943
4395
4684
3783
1338
1992
3979
2043
3452
640
4777
3268
1738
1314
3882
3976
384
4338
3853
4580
405
1502
4089
3201
4
3387
49
929
11
2199
4114
3899
2721
3861
1328
1292
3388
3233
3505
839
2132
3197
4843
1882
3070
339
2030
3591
3006
3247
2638
1429
3013
4149
677
577
4096
1839
2735
1404
368
165
3356
4073
816
1286
244
4420
1333
1504
4048
2867
185
4179
3170
3103
22
2363
2635
3456
2336
86
4561
2001
4816
3927
4971
1337
4384
1662
14
4244
4324
3883
2469
452
708
4830
2031
1164
4631
2712
1651
1292
4220
3791
3384
111
2293
3181
3639
2099
1477
2525
4784
2948
2219
4826
1092
4570
2133
2025
960
3767
682
928
1579
1873
3076
1570
1545
3578
2629
2398
3362
2687
4940
2559
2330
2374
259
2344
4937
1388
1242
490
4738
1963
1248
3028
2479
1771
4308
1585
1938
2759
727
2068
4243
4862
163
2383
2001
2685
3151
4544
2882
4430
470
3173
2298
988
1564
2218
3661
4343
4622
2660
3621
3054
3371
616
3069
3126
2544
505
770
4217
3229
1889
1607
4677
894
2226
4713
448
2290
4986
4828
3675
4267
1206
4005
4348
1557
4166
2307
4487
4005
1982
4591
1811
4360
2497
2435
2759
640
1041
3528
748
3290
2985
175
789
4785
4987
4281
2063
4030
4071
2251
3134
4779
4607
4263
309
4397
2310
128
2781
4069
3484
4993
4703
3630
847
4440
307
3658
2126
1060
1100
920
1566
1810
3495
363
3660
1464
4497
1503
1399
536
238
4406
4013
2113
4438
3552
387
3720
4851
4394
3367
2585
2226
3097
454
3788
1153
1665
389
4324
3047
3504
1629
1156
4399
1428
2615
1706
2639
167
18
1757
3287
622
788
744
3238
4686
933
3068
3818
2458
371
2459
1515
1373
4527
4360
877
821
3390
1551
4887
3346
3458
2850
3586
2245
913
3886
2142
4974
1933
4869
674
163
3767
3262
1319
3560
1071
2694
47
3876
1545
568
873
1700
4168
966
542
95
210
3461
2150
4921
4543
4007
611
607
1716
4891
1482
2073
3916
2204
1594
1046
1251
4869
2597
275
3580
932
2223
914
660
1529
326
2160
4432
3854
3346
1594
2438
4174
3750
3478
2014
1791
191
1903
2317
2555
2428
1807
644
921
1919
3045
3593
4567
2169
239
4404
4273
1757
175
1863
1216
2445
4527
1596
4887
2192
1611
1867
2087
4332
354
2922
2014
347
563
1492
1126
1861
4483
4358
3744
4993
2631
1431
740
1288
4541
1652
2808
3468
4444
2447
3746
1490
3293
1723
1479
1165
2481
2652
2296
4888
2912
549
1002
3821
1173
2160
4760
839
2018
400
3350
3195
3923
217
1286
1913
2516
1665
305
3184
2276
1647
4502
4539
4140
3212
1875
758
1839
4042
1409
4368
2945
614
4276
1036
2050
1064
3097
821
3552
3672
1532
3577
3564
3130
837
4817
636
2972
3167
4784
4910
4798
1228
4411
1128
2178
1734
4899
4557
1202
4215
970
1780
545
2926
4858
3573
74
1423
2337
3896
4227
3294
2320
679
2036
4687
2971
4272
2730
405
763
4472
2547
1826
2984
5000
1444
4809
4596
1748
2167
4970
3006
3132
359
122
3771
71
800
4145
1714
568
345
3001
3659
4291
1028
1117
3930
3785
2490
4365
4434
4245
3084
469
4134
2193
1326
3744
2079
1976
3561
956
869
1870
1024
1236
4685
4125
1452
2400
1945
890
2828
728
2273
2208
3714
1543
1926
283
96
3153
429
1991
3843
3604
976
1710
595
1772
4773
4891
4141
1430
1251
1538
2623
2811
976
4512
1676
4584
4522
4130
282
2629
3613
4537
2857
676
1989
2734
3918
1933
384
3272
3497
4588
1271
2816
1374
3181
1350
1864
3555
3869
4708
4714
1970
1226
1118
841
2040
3446
165
2811
2555
722
3178
511
4142
4766
1012
3118
3399
1765
4498
4109
4622
2691
3245
1560
4940
399
3763
1140
3993
1861
3393
2077
4284
1993
3142
3929
3070
4279
4442
3780
2596
2275
1394
2421
3538
4538
4249
1636
221
621
3085
3595
2171
4983
3006
2919
2806
2728
3653
1806
690
4524
1404
3510
1161
1343
4451
2774
3066
2301
3552
3968
4651
1613
995
1794
1787
3699
3101
2027
2521
4376
56
1055
119
3555
3947
2334
914
4511
1108
1636
3584
4079
2175
1446
4553
2034
2951
3819
4364
4763
1049
3811
2285
173
1338
3080
494
25
3106
4206
1066
766
819
4508
3450
161
1126
4010
4967
3715
769
4922
613
1294
4179
4442
2518
2275
2858
4373
2363
4325
2052
3495
4438
4551
4100
4653
1453
3986
1108
103
614
1606
1872
492
4165
4063
4400
1213
3762
3253
371
1674
1944
3455
3644
2950
1030
2162
3933
143
4702
2375
4671
1426
1507
4491
1411
1566
1512
53
4855
4598
2513
2246
4888
484
3086
2027
1993
4252
764
2082
4618
3204
2902
837
9
1565
855
2133
1921
292
4167
4499
4320
4227
3261
1485
178
3282
3896
2813
1356
3201
4459
4377
1298
751
155
26
2623
2394
2008
2663
2084
3564
846
522
636
2369
180
3774
62
4208
3826
2095
923
3884
4326
2239
1724
3301
2193
700
3403
4012
2626
4500
2180
2630
2664
341
578
981
2188
187
4912
3954
575
4175
4291
3460
3147
4919
2935
1100
2474
4238
2482
2818
3608
3146
1491
4104
4263
3748
1886
2380
3561
1301
4467
2508
753
226
3497
3130
1564
1133
1339
214
3244
2357
3262
2142
3289
4334
4854
4420
2514
1392
2443
2232
4239
2345
3384
2342
1083
269
1096
3718
258
2057
1573
3339
1504
1346
3547
2196
1668
2555
2097
3002
4526
3573
4983
2064
1951
4230
1517
2431
303
727
152
4424
1329
4648
1854
2586
3380
2095
3480
1572
1299
2311
3753
697
3621
2635
4016
4047
4115
869
1402
2453
3701
110
2879
2300
957
1900
3801
926
2208
1966
830
3308
2381
3426
3628
2625
3224
1691
411
3528
22
691
336
1695
314
2285
4902
3376
1185
1795
2422
917
218
2319
3916
1592
2659
2497
14
1390
2464
3683
3578
2510
2787
4829
589
3296
1143
746
2331
890
4923
2478
2763
2085
3233
4159
4788
3697
3424
4020
2934
4518
998
1868
4658
2816
1341
4738
3337
622
3357
2892
2079
2693
4104
3108
728
1380
1105
49
99
4502
2424
4086
1927
3290
486
1123
794
4558
2688
1543
369
4080
3481
438
2308
3607
3486
3713
1319
4405
533
827
1856
2991
324
420
1045
1823
4876
1401
3035
4245
249
3806
4409
4965
4642
766
3611
1351
316
109
2338
3012
4646
161
2917
4105
3416
2120
4443
951
3193
1960
3178
3913
222
4319
1468
1154
2075
2258
4088
413
4363
1945
2218
4960
2207
876
4197
2217
4708
2339
2302
1413
42
3598
4210
2813
2707
2877
3451
4964
983
4059
331
4543
2695
1233
4539
1998
396
3997
4658
725
1339
3475
4927
613
3458
2416
318
365
4256
2145
4074
3630
1749
4385
2523
1720
854
2695
1829
220
2695
4223
4213
2811
752
3394
2651
1453
490
1043
732
3192
4178
3372
2398
1444
1040
1445
3029
1994
2441
4413
4506
4660
2319
2086
3492
812
3835
1760
2710
2328
1704
270
2073
46
4333
1059
3493
553
1680
3686
4105
2984
933
3478
4213
4034
2920
609
1563
953
403
1751
3891
994
4630
4180
730
3808
4027
2132
3148
943
4630
4808
2114
4122
524
3633
37
4859
4353
2944
3499
4351
2230
2423
3473
834
4109
2451
4982
4676
975
2734
3480
1737
3722
4277
1230
3955
3621
3662
1306
744
4784
4811
4430
3021
4022
110
4940
2183
2936
3298
2318
2332
454
3951
1768
4218
4839
2564
3607
1724
3991
4547
4368
1624
3115
1487
4367
3306
1205
3253
536
2344
1302
1249
3607
3827
3509
923
4081
4648
2191
3570
4028
4872
472
352
2452
144
3024
730
4044
1324
1245
1705
1648
1607
474
3467
1832
3543
2839
4384
724
3644
4809
2450
3703
4343
2956
1074
782
3643
672
2596
1194
4602
624
1169
1872
4068
390
4322
4969
1534
4569
681
3694
2939
265
1514
2444
3346
2916
2326
929
2937
4575
1319
619
4387
3812
1796
4444
2461
138
3750
3274
2257
1489
1233
3144
3831
213
62
3690
1495
2744
366
788
2716
1872
583
839
2565
4445
4470
4035
1956
2806
1183
3923
990
2882
1483
2924
2133
4166
1630
4833
1370
1420
1300
2844
2906
1323
2346
3741
1321
3508
2782
4625
2613
3393
4684
3660
167
4030
1123
2621
2823
3018
4240
819
3429
452
981
4836
3584
2026
451
1118
693
3661
3833
1309
2709
3247
729
2464
2105
3886
1112
420
3118
1272
4973
2036
4049
4120
384
2460
1850
1892
483
4947
1064
1756
4347
859
4328
4816
1218
1887
2424
101
2991
2257
3078
778
802
4091
1433
2010
9
4889
3715
951
2993
3245
2088
416
108
1520
4588
1160
2707
2980
2313
596
981
4198
648
3025
1693
2869
2085
1193
1482
3557
1142
2248
4302
1231
1952
3791
4940
4624
2751
1457
1587
4190
73
1041
1940
3551
528
983
4168
3385
1398
3609
4269
3508
250
1511
966
935
4900
2741
1682
2802
2037
2811
2554
1500
673
2196
487
43
4616
2294
3403
1087
1918
1674
1925
90
1305
2978
2834
1349
2353
1345
2704
100
906
1241
763
1989
2220
2057
1536
4300
3010
3584
4398
4538
2485
3475
4105
3478
1579
901
1856
1024
2813
955
3599
4887
963
393
168
486
1376
4331
127
3739
2254
2323
1832
2220
3831
2654
551
3172
1916
375
2618
752
632
3286
2351
1665
1070
3011
3121
956
4796
1065
3027
1254
4491
3833
3531
4418
3781
1045
2203
1032
1334
4520
2465
264
4056
2816
2427
3100
4806
2029
2672
1376
3133
347
4747
3706
1577
2042
1884
1678
2630
2118
881
2123
335
2995
2772
3106
791
275
2217
1134
2011
422
282
2928
707
4640
2804
3532
4350
1895
2177
2806
1534
578
1778
3729
398
3038
4295
3477
836
4253
2730
969
2296
3986
543
4964
510
4593
3816
2439
2478
2564
3746
1832
4553
3147
2453
3449
2297
3676
3018
1748
1653
2719
4862
4477
4221
1732
3877
1123
1753
4461
3597
1545
4127
52
4056
3710
531
35
1988
572
4328
785
3008
412
4157
2350
1360
2805
505
3902
3881
513
521
3447
4885
2341
1309
835
814
3193
1074
503
3142
1970
3200
3974
3963
3795
3706
284
2207
2135
366
2450
2544
1234
2407
4996
283
4413
2277
3890
589
2057
2862
3322
1222
4272
4971
1647
3626
4578
1201
3415
3875
1896
2655
1398
4965
34
3144
1180
4421
953
4202
2403
3469
3070
2304
2391
3480
1647
3709
987
1483
1389
4985
4266
1914
4015
2337
4152
1009
2740
4731
2029
2653
4000
179
1505
2870
77
4730
3645
3694
434
1131
709
2632
3423
2481
3257
2020
1008
919
2238
643
525
2963
646
1928
797
1366
1506
2085
2743
2612
3983
4151
1001
2339
292
3058
626
1112
314
2806
2305
2434
900
4241
1712
1975
4636
868
4084
4965
4619
3683
4510
975
4217
2388
3641
2090
3761
3898
222
3297
2915
1239
2960
2493
606
3196
3274
3155
1493
564
3192
1768
4253
1268
1215
1148
4005
4544
1025
2618
3066
105
1203
314
1145
1099
3264
4142
4052
1834
1
1589
2315
1505
651
1030
4967
610
2259
4556
3900
908
759
3867
2879
334
2850
2771
1616
2748
4489
2640
1186
4729
3021
1611
4783
2881
1433
380
3101
4080
1081
2769
1015
314
4086
1459
1618
2390
1788
288
791
3134
3157
379
3532
502
3908
4761
582
78
957
1100
3208
359
3117
4004
1212
1568
243
1618
469
3075
4446
2213
747
113
3946
3207
112
4549
987
693
424
3590
2750
2340
4359
4220
30
1923
1040
4968
3678
2001
333
2248
1575
2546
4081
615
2294
3675
3719
3940
1758
1675
512
3596
4728
1756
2809
682
1662
1235
4467
560
1706
3669
795
4479
2721
2230
1786
2166
3674
4070
3394
1658
3711
1619
3166
118
1860
2838
2621
616
4055
1173
4544
3650
2665
2809
2173
2430
1411
2858
3893
4611
1549
3277
4737
1497
296
3418
1
840
4885
3198
3482
943
4075
1530
3074
3846
2404
4845
1658
1864
1861
1462
3012
1387
4891
4517
2802
2232
4827
4307
1776
200
4091
1928
817
2421
2064
4981
2051
1249
2557
3400
4809
724
965
288
4124
320
113
4324
4449
2519
1199
3841
3096
3051
2505
3419
1849
2578
3539
1246
35
2968
3350
3847
2234
2771
2620
2205
2400
4640
4186
1215
2292
1905
1727
3228
3436
3348
2468
926
1052
4217
2405
3374
909
2401
3447
1671
2112
1258
1170
4510
2207
3781
1072
1037
2232
2621
4405
592
1419
1722
3854
2014
2967
1638
660
1836
3340
3911
3714
1765
1320
2665
3090
1984
1081
1787
3805
60
2616
2439
2582
4127
2148
2694
475
1666
2340
130
1929
4624
2439
3877
4010
1755
1882
1833
571
3586
2100
1267
2439
3180
2086
4953
1247
493
234
1536
4238
636
3914
273
1397
3191
2746
627
3898
4302
780
1551
906
3408
3382
633
4694
3032
4822
2145
3149
451
166
3724
1686
1394
3466
1539
3696
2743
289
352
313
4545
3444
4851
4079
2224
4545
511
47
4985
2042
3917
2794
2449
238
1360
4009
4643
3551
215
1373
4398
3010
2215
2222
1232
2125
3681
1115
2874
4940
4608
529
3479
4655
1281
601
4084
1548
1836
2114
668
4200
3163
27
1355
1046
3968
2649
3823
1553
813
1824
4771
4349
660
3317
3146
3099
2797
391
3914
4204
4409
3637
4225
1719
4373
1318
1439
3665
1476
3258
3458
3770
3603
1691
308
762
1092
3361
292
950
4021
4387
2434
1182
3617
2765
1920
806
1046
2784
3540
4066
122
4443
4728
444
1820
1123
3377
561
3717
3880
4768
4866
759
4755
1821
3694
4666
3927
1367
4399
211
3230
1097
4379
3510
978
1683
2344
3662
111
1526
3160
649
2224
1984
1486
3459
4516
1565
13
4050
2426
4397
1824
53
4607
4049
4751
1068
2331
1437
4242
2675
4460
287
24
2175
4487
4861
4501
1947
50
2944
4697
4281
4694
997
1486
375
2242
154
2934
4879
4654
4265
3449
11
1257
1712
1626
4022
67
4845
253
3091
4284
4141
885
2356
3891
484
649
1360
1312
577
92
3370
2466
1803
2500
2336
237
653
4578
834
3804
4156
1209
4492
3587
924
1
3284
1548
2772
3358
1320
1546
4656
4881
2555
1047
1220
4064
2468
2944
416
2734
4543
4251
87
1307
1084
258
2965
2978
5000
4580
2018
1278
1965
4478
856
2661
3981
481
437
1053
4572
1481
4176
1253
2108
1326
2836
592
4085
1886
1190
3028
2690
710
2321
3957
1694
2883
3440
4524
1648
4185
2674
2056
1820
4935
4786
2784
4412
1002
3717
144
3034
1197
4903
3520
603
3626
2043
1493
3040
4843
2891
4737
1048
1090
1180
4272
3639
2817
3434
169
688
537
4236
4546
402
3810
2226
836
2519
1245
4511
4201
3318
808
2759
1018
4556
4843
3911
4927
633
4033
267
4730
1653
84
3734
3166
4667
962
32
3136
4756
4908
371
3560
4515
1980
1236
4855
2882
3720
528
1847
205
3025
2752
676
2096
174
4774
3761
1684
3906
3265
4588
4211
3372
2340
4509
2567
1841
3850
1142
4721
3082
2376
1782
3023
1297
1747
4184
1477
79
2428
3406
2480
2392
2211
2385
3488
1953
912
2797
238
3011
3416
1984
1420
909
4379
4527
2907
4338
3043
2179
4846
794
4214
2689
4285
3437
3437
3897
2455
4959
2390
3882
237
4265
818
3774
4166
1501
4588
1736
611
3571
3808
142
4520
3341
2142
2477
956
1803
4923
3054
4553
1990
1476
40
1979
453
1113
1873
2602
3645
1131
1703
2863
1920
1765
1457
267
493
2195
1790
2682
1552
4183
2025
4651
562
3453
3670
1838
1734
4141
963
4044
1465
4988
1055
4356
2885
3482
2299
3991
1004
3854
417
3101
2561
2547
3297
264
3604
4137
2010
1981
1746
4653
1505
4245
3397
1449
257
3677
696
3861
705
3437
2012
4335
4354
2190
2583
443
295
2965
2036
1933
1590
603
2210
4840
1596
3128
620
833
312
3525
1652
3941
2168
4131
1493
1714
4915
4116
1581
1650
2276
4896
4681
1677
146
1249
816
2509
2814
1073
1720
2221
2758
1855
2751
1000
385
950
1628
2642
707
1972
1571
3979
2139
3154
4088
506
2000
3843
1651
3319
3942
2848
3442
1379
4203
3397
1432
715
1610
292
2808
3723
2095
4486
2316
2504
3026
4722
1482
4663
1646
3740
66
3467
3519
4677
1967
1128
3451
2643
2864
4589
2564
240
188
2562
4245
813
3348
501
348
2462
3690
3723
3058
1957
231
4084
3216
741
162
1172
3671
52
4096
3923
291
449
4984
3214
2600
1428
1119
2533
1285
413
2274
3406
276
259
53
1104
4974
867
200
4400
1437
4819
2870
1668
1659
4513
2040
189
3167
90
4931
2802
3027
2105
4682
2362
459
2287
617
1947
3808
1800
2954
561
2544
605
630
1236
3728
786
2993
2036
4574
3766
3195
4291
2114
2325
3278
1050
834
2959
50
1205
2767
3848
2172
4600
1510
861
1096
224
2584
2815
2938
4708
1409
2189
4773
1966
900
3377
4486
418
1303
2164
3337
3914
2294
1444
4738
3315
1078
4926
2616
1591
1669
1482
3052
4359
4160
2330
763
1170
4444
1156
2308
4452
480
1983
3659
2970
514
1076
2775
1190
1210
4512
1823
2954
4506
116
4473
4628
2562
761
4407
1612
3833
286
4097
79
3390
4657
2058
487
2626
4055
1499
2587
2262
3566
4450
4284
1466
4252
2433
3770
4547
360
823
1502
3568
2812
2777
4036
872
2695
1441
2023
500
676
4760
681
698
3526
3819
526
4626
2753
4303
1956
4054
4603
174
3979
886
2758
677
4389
227
3383
2386
1202
2342
305
410
587
123
3500
2903
700
1566
514
1288
4123
3803
1038
1819
1753
1753
698
4305
1097
4023
2720
82
2464
1252
4774
3422
4887
1579
4806
4566
1319
3499
1394
2040
1529
1037
4262
3347
3018
4971
1542
2124
4813
4386
1625
4660
1040
1156
563
4653
1567
2519
1368
4370
4819
4436
3702
406
3818
1201
1526
4625
2619
3069
3281
2562
3941
3801
146
2890
1327
1964
4565
2120
639
2533
1234
4717
244
2198
1038
3148
814
740
1716
4924
1805
367
4836
2896
4288
2069
1095
1015
3706
229
3947
1084
1226
1217
4638
2542
460
2214
52
4575
248
158
3562
4704
3519
3071
2868
2469
2347
2590
4976
945
1039
954
47
4423
2760
172
2602
4706
2117
2908
1332
3204
1622
3219
355
2102
3872
4789
2577
426
4340
4870
4262
4245
4672
4117
2015
3216
2357
3249
4278
3230
1037
3967
2175
1062
2051
4616
3042
1868
4044
4012
4223
1499
2404
2181
1735
2943
730
3355
2954
889
2336
3904
501
3520
4122
3465
382
872
4642
1487
3278
4746
2796
1619
2434
1796
708
3657
2867
3598
1687
188
1075
42
403
3272
3951
895
2892
1786
3485
1761
1516
2756
1847
3110
3837
1345
181
9
1927
4651
3075
1810
4289
238
624
2270
1896
1256
1315
958
4884
728
3062
3109
3519
4983
2647
2100
4264
243
161
1875
1265
3808
3660
4666
4843
68
2904
886
1841
1230
4270
2587
1850
861
532
4261
4396
2905
3134
3833
1143
3853
2380
3000
3010
985
3007
4774
284
4049
2511
3212
1137
3900
1658
3226
850
3620
3638
1026
1677
1844
1248
4187
3544
947
4418
407
1726
3842
4485
1396
4026
4011
2162
4926
4305
4217
1269
2441
3875
4371
824
4940
1510
4091
3659
1453
3789
1996
95
4871
4237
1765
4788
4211
3398
4744
3581
4295
4974
3696
4081
3177
3276
1649
2146
3359
4444
1916
2515
4265
3276
3369
323
1956
2460
1825
2682
3044
1770
637
1838
4348
71
4519
958
297
1368
1690
4134
4492
696
4331
554
15
1636
2614
2134
3598
3711
4971
3305
1189
1570
4384
1215
2347
4256
2649
2796
2710
188
4863
3188
851
639
1678
3023
4916
350
4612
4799
3472
740
4625
1690
3523
2572
3830
883
2944
2200
1277
3523
2484
794
620
3748
2700
2044
152
1787
1293
2898
4340
3875
2163
3792
4077
3506
1468
2977
3706
697
3604
3175
1930
4595
4321
1926
4956
605
2599
3524
1038
148
490
194
3975
95
4120
4524
2044
722
4167
1465
2413
1154
1568
3823
657
2866
2165
1806
1643
2790
876
1019
1446
1005
3177
4509
1190
2564
2495
2311
765
2856
4880
656
1354
1260
4748
4040
4952
704
822
3589
1484
4357
2141
4561
4936
3390
4305
3267
1328
2536
378
33
1702
2380
1106
564
4541
3015
2397
49
838
1208
4310
455
1722
4052
3813
4907
4146
385
1884
2713
1915
4662
3467
1326
4861
1603
2057
1604
2469
2952
458
3365
3321
2013
2614
2652
2179
3930
2593
158
2215
3324
128
1338
2503
2918
3269
1406
641
4947
1310
4352
2180
4957
1738
1389
3714
725
3367
454
3232
3730
3592
2120
4258
3519
2933
2273
1495
4557
3936
3782
596
4441
539
1164
524
2587
4122
4997
714
3372
1084
3997
1022
3440
1411
1301
4170
4248
922
213
4147
75
1063
1308
2858
4121
213
197
3321
543
2320
629
1395
4268
2813
1049
4012
2593
1070
4359
4091
4332
1989
926
2934
4753
4180
4163
3454
2863
52
339
2076
33
302
3082
3888
1431
2474
3912
1233
720
2382
1201
2268
1182
1957
551
2347
4329
3371
4111
1448
420
2010
4645
4932
3358
2238
1837
921
3889
1367
1355
1642
3328
3344
853
1045
3061
1894
2982
3904
3124
3142
4885
3602
424
1089
1917
2949
2928
601
400
3449
3870
3485
4376
3736
921
530
2016
1267
213
1455
4067
9
1228
1408
2785
2066
1269
2787
160
3351
4126
1217
1415
2933
776
1237
4549
3372
2293
2955
2449
4962
554
41
3418
3804
1642
4193
136
3834
2134
2803
1017
3689
4294
1211
846
2119
4019
2673
3655
1794
1865
2920
1050
540
4758
2051
3886
1336
4825
4703
4569
30
3253
590
2093
2752
3088
3923
345
3041
3627
3860
2004
369
3042
1589
667
4742
212
2586
1962
4787
1378
182
2296
429
4427
4170
2132
2099
1083
129
4331
2889
3506
4860
3549
2643
3697
4765
2154
4044
2679
4278
320
1354
4032
1335
604
4867
3194
3892
64
1315
3793
3144
2945
451
1784
3902
3843
168
2956
2084
3691
492
3156
3824
433
2503
1412
1659
236
2636
4995
2380
3840
645
2171
2740
2427
4095
685
4889
1581
129
1305
2692
1382
4527
321
684
2316
3644
19
4268
3777
3415
1314
107
1867
2456
1413
1517
1715
3581
2212
3088
4334
4025
3214
4019
3408
3702
4483
4309
469
1713
4769
1636
4930
3806
4709
1409
4528
4960
446
3287
4402
1234
1882
2086
2364
4828
4381
2114
2570
