246 4108 1478
1810
4342
4761
4586
363
4684
1294
734
3794
1781
3392
4093
2442
3660
1999
1309
3033
3081
4177
103
4772
1337
1101
1710
4809
3324
29
3084
3053
1706
478
964
3206
3931
2408
4606
2135
4232
801
2749
194
1570
3280
1094
2260
262
1404
2206
2007
1571
2547
1164
1072
488
2502
2330
1035
26
4480
1601
3417
4089
3453
1479
3839
2848
1640
4653
234
3490
4843
2158
4504
2605
1705
3889
340
2979
4960
1869
1581
1414
445
4232
3172
1362
2270
260
4447
2611
4016
4071
4569
2462
374
3508
3023
2436
3612
1339
1071
1027
2480
2329
1514
3280
3414
4603
1191
1823
2399
3898
3722
2596
2974
270
235
4097
1866
4615
1653
3940
4280
2805
2102
4942
583
3865
1878
361
3832
1900
3830
888
4818
2960
3167
4783
3712
2553
2208
4904
2812
2445
4958
4693
3023
1442
1221
83
3279
1739
181
3160
3240
3253
612
1014
1902
4646
157
4185
3830
4083
69
1004
3171
208
3431
3955
2172
1726
3959
1525
1393
4743
3493
2227
2332
1137
3660
504
3180
2392
341
2711
2265
3203
2814
592
4926
359
1153
995
372
4811
1446
3725
4781
2831
674
2474
2642
1741
3798
2780
1498
2097
4316
1159
2050
2788
2428
1281
2230
898
3835
902
1435
346
3039
775
4808
4265
926
1210
4163
3385
71
1880
987
4856
4799
1225
2703
1507
3882
508
2857
2373
379
4562
542
3799
4326
256
