880 4319 2939
3950
2593
3682
3814
1517
4374
3776
3800
1607
4419
2321
2172
1398
2685
4646
2063
3634
2929
353
1932
1403
676
3826
3886
4207
4298
1468
4397
4836
980
585
799
3428
3522
1883
3194
4882
4177
251
1131
1308
737
4081
3568
876
989
3390
3
3568
3880
4284
2800
1677
3139
4809
3426
1060
3909
166
2253
4326
2269
1062
2187
1824
347
2014
4431
706
4764
743
3443
3073
2110
3092
1318
1922
444
568
3783
4343
1729
366
2521
1054
3326
1036
829
3180
2954
1670
633
1500
3190
4218
1810
284
4916
2069
2982
106
4617
1893
2898
4762
4988
3799
2279
313
4994
4362
1103
751
4211
4871
3796
3356
3236
2821
189
2366
1835
1494
1789
1780
702
3272
2841
2838
680
4581
4902
521
4020
2463
1405
724
833
743
4001
3089
2198
2795
4469
4818
1116
3131
2801
3441
3971
1692
1191
1847
510
95
3221
60
1566
829
3756
542
3506
4576
4848
3383
1630
4785
3275
3914
2067
4198
2237
726
1951
2488
934
3328
286
2093
2172
2431
3889
2050
772
837
4950
3261
1155
3206
2351
1019
2642
3083
4695
101
24
568
3673
4882
4770
773
290
4671
1884
3548
59
4106
107
4441
4759
2692
4604
2483
4719
4764
2580
1579
2173
3433
2999
3359
1634
1928
2942
2680
1077
1680
3453
3169
1251
1980
2017
338
3024
2364
2354
4404
71
2376
3594
1669
3710
2271
1726
2358
3811
5000
1305
1533
145
4657
1577
2523
1564
338
636
4068
4806
1282
118
1222
1246
3597
3539
616
1456
2411
1522
2246
958
4954
1649
2845
4448
1281
452
2551
2951
454
660
2675
4436
2899
3154
1347
2584
2331
4053
4982
4997
2167
1653
3721
4310
4090
4667
3239
2514
1467
4019
3936
2163
3246
2328
2354
1782
2582
2789
3591
2065
932
888
4324
2519
3042
4591
250
1689
475
2797
983
2682
4445
3817
1348
370
3879
909
2131
3366
3166
4831
4790
3340
2573
4769
1301
4506
2057
2427
2880
4607
4768
3097
4858
541
4565
2242
4545
739
2726
481
3694
2582
2317
4267
1318
3371
2768
896
2437
2537
914
964
1071
578
1051
3686
97
3974
461
3671
4580
1887
5000
4185
4203
3666
4547
4095
1960
2162
2716
4
1020
1733
3382
871
1580
3287
1203
18
637
378
2297
4404
3612
588
3603
3643
1505
2255
1524
356
668
4427
4029
1211
214
640
19
1505
2433
2309
111
4554
152
2343
2403
4204
3684
2597
4497
3061
718
877
1222
3667
2145
1553
4533
3288
2558
3604
522
4902
4779
2029
477
704
3820
1626
3063
324
1089
496
4843
3212
3018
4622
2060
2256
1512
4689
1768
2272
3883
794
4871
3219
2889
745
2995
4103
3929
4925
4631
4404
894
2021
3747
1756
159
1023
3544
3091
3126
1727
4131
4068
4092
2439
1687
2241
3109
1839
4357
1319
2395
4148
163
2867
3680
818
1688
52
1859
2202
632
3064
2567
1252
3025
2141
2326
3020
4149
3436
1071
1961
3817
1629
1494
2852
3313
3147
1762
3186
2623
152
3549
71
3361
3620
3146
2428
1219
3061
2289
4612
4026
3668
4928
3137
3250
1358
1425
4754
902
4025
2713
25
3040
1963
4621
1593
3844
3531
2472
791
636
2810
437
1614
2625
868
1506
1994
932
1255
1229
1049
76
4751
913
2943
3334
1052
279
1680
2914
4011
4293
186
73
755
1319
785
4669
3790
1098
4743
1510
2243
3464
560
2569
3154
3083
3761
1795
4844
2732
655
3464
854
2701
4792
1003
3112
3721
4401
78
2326
2739
4283
3847
1846
1054
3622
4124
3214
2835
1876
4926
3168
1874
896
3037
1337
3778
4354
2056
3886
2441
4228
3228
2113
2433
2102
4970
3354
3648
2880
2175
2815
2816
2757
1963
2878
1547
3080
4601
4086
1633
3246
1562
1422
2556
2545
3964
238
1695
2479
4299
2793
1647
622
2419
3211
1892
3165
2439
4995
1549
3135
1806
4807
2507
1790
3447
4268
4246
4862
1088
4224
332
4758
3165
4395
79
1220
2211
3546
2705
4769
2433
4463
1265
46
4562
2159
3340
860
3255
2460
159
2438
1466
2723
994
3201
438
2542
245
42
3376
4749
2230
2024
813
509
4893
4078
68
1794
3239
2997
3310
2952
4699
2550
3209
2889
2542
3251
2975
4429
2364
3788
1072
3322
4990
1752
529
3107
558
4268
3319
280
4975
922
1248
4388
2964
2304
445
3860
12
3305
1023
2073
477
2711
1506
4074
1331
2026
1000
4540
1753
3293
3921
1981
249
2410
956
1877
1000
173
4142
1718
4976
3960
3922
723
1815
1956
88
4881
4614
3568
1748
4159
419
2543
995
3443
1036
4043
2619
3101
4600
2725
4793
3078
287
3761
2983
1637
3903
4434
3911
3349
2141
2625
3812
4042
2558
2450
190
4148
3195
2876
3031
242
3000
4737
429
336
2727
3724
493
2518
2425
4965
4322
4857
2008
2709
3676
3368
3989
124
2053
578
2680
1148
4742
1211
3876
1142
160
3582
1166
3436
1215
3752
2934
1925
1653
2850
4402
1040
2553
2527
4824
1967
423
4880
2479
2788
2531
1150
4724
3890
3160
2551
4027
3520
378
121
51
3013
914
1623
4035
1376
641
2529
