1189 4284 3495
3234
4716
1979
1936
3392
480
848
531
3794
4293
3652
2413
1299
1793
4445
4733
4722
3154
669
1219
2346
3600
2083
1695
4427
855
299
531
667
3956
1244
4848
981
969
378
1025
2946
424
4678
4982
3465
757
1160
3346
4886
2442
2602
96
2301
810
4123
3588
488
4545
4383
17
3231
1
2433
828
877
158
3604
3676
748
2695
842
1365
1462
151
1259
2505
1736
1720
3632
55
1309
3758
501
473
2683
2388
2542
350
1804
3517
2554
4992
4951
1250
2730
530
3400
3621
4692
2791
3494
2918
2790
1337
1901
1085
391
2227
4054
191
1817
2539
3791
2409
1287
3938
3186
643
2790
3443
3083
1430
1078
4564
1736
4027
4300
4534
3177
4161
1327
2688
4513
1441
60
552
4102
4438
1798
3590
1631
3294
4507
128
1790
1140
4410
2464
2043
804
2316
4323
2979
440
4519
1096
4346
744
3360
3653
683
4436
1480
2839
1334
2483
1102
947
2886
1204
2795
2452
524
3661
1811
3850
3814
4924
3995
3907
1699
1436
2743
2167
167
4265
4751
3291
967
4365
3457
1746
4444
1603
1007
3685
80
2339
3873
3533
491
1266
1596
74
1573
585
3439
1009
2441
3037
2971
92
1255
4776
2873
101
2415
865
2523
125
4143
4044
2546
340
1831
4045
1660
366
2026
4150
2337
3565
2009
4283
687
3148
3392
962
2010
440
3955
3389
1004
3102
900
4998
1021
3927
912
2126
2714
3686
3647
3037
3170
4964
3844
479
190
4534
4436
1116
2591
4101
4789
11
3224
4401
4097
1693
1849
2144
3244
3977
4019
2208
1495
1208
2603
1400
3322
146
3852
3710
1360
2939
4525
2418
2616
1262
1690
142
2694
1144
4612
1085
133
2964
2262
1722
3901
4354
1508
4294
1499
2010
105
3015
778
4140
4068
1821
1010
3369
865
4777
1963
4181
3880
4451
3124
3759
3513
4157
1860
194
1711
3008
4733
1571
2266
4415
1595
4502
4035
99
3468
4814
360
2813
2358
959
3231
4879
2917
4271
1350
3780
246
2592
3017
4513
3443
2431
2251
3917
4425
842
3766
576
3744
3518
4532
3548
665
4679
819
2625
3645
37
4114
2438
3813
2882
4982
2694
419
4594
1050
991
1582
3456
2548
635
977
4358
4966
3171
3993
426
4399
3198
706
76
4713
4275
1034
3836
164
4741
1103
987
3669
3368
3936
3653
2282
2286
4595
2496
4921
4322
2529
2076
1215
4509
2622
248
3006
453
2952
3014
4090
3215
702
295
1616
4977
3433
713
3543
139
734
97
2770
4850
2130
534
4771
1364
3329
1413
1338
2105
4139
397
3168
3251
336
849
3298
4479
2245
1393
3799
1698
2596
2374
4435
3155
3415
2506
3510
1713
167
531
550
1974
4656
3744
3369
2861
2105
2547
4538
1863
1056
1998
3304
2917
2952
3421
719
4445
1785
4507
4585
1375
3530
1932
4115
1180
4692
565
4143
2559
3226
2753
481
928
484
3039
3522
791
1591
1664
2330
1597
110
1799
4517
1888
3218
3322
4889
2725
1646
3128
2967
2029
3761
3014
415
2164
2794
1707
1612
49
3653
605
4634
4544
3976
801
2764
1919
477
3740
3847
3196
4521
4153
3137
1771
2595
2811
4944
654
4426
1285
4799
1250
3186
1320
3230
4693
190
2012
3179
4216
4571
1416
2396
2683
1852
697
3045
628
4928
2993
3088
4987
613
83
4348
4082
1014
4427
2788
2203
3965
2922
3288
8
4707
4242
3357
3939
3865
939
2261
1729
4996
1243
2433
4165
3633
190
2497
29
4303
2240
4666
4331
1071
3125
1944
2981
1006
1309
4529
2309
4551
4380
3605
1465
2145
3711
1265
2110
3000
4149
1837
529
3350
4292
3675
3349
2537
4268
3530
2812
4717
2146
1505
242
981
1883
2147
4763
2809
2753
4875
4364
915
3200
1658
570
2182
3330
2976
4725
1292
3520
1750
1591
3519
3521
4329
815
1599
2233
1328
1774
3901
2586
337
1174
448
351
2504
2888
4034
4825
2566
2854
1915
2993
4949
3410
2669
1304
698
3588
2337
1018
3030
2102
1067
3404
2863
2229
1403
3218
3601
3730
485
2531
3841
1210
4618
3136
1916
743
2769
3300
2753
3141
4506
3596
783
2115
3607
1902
3882
3543
4574
2471
396
1358
1622
4244
1310
1941
4220
3541
796
1903
3062
425
4729
706
1989
658
2797
3362
801
3339
2081
4821
3589
1741
4666
76
2115
2882
2700
573
1689
3027
906
1615
372
3486
3438
4864
4200
857
4403
288
2690
4004
858
3701
3736
4553
1257
3296
4492
3310
2567
4707
4188
1788
2174
3720
3040
2065
2449
4680
3447
2736
2936
370
1543
2031
3158
3265
931
982
3223
1335
2113
3145
4864
953
1702
660
311
1948
4326
897
2535
1832
2683
4107
2275
3468
489
3656
2361
3695
888
306
1640
4516
3381
2427
3578
2235
4332
2660
1511
1401
4125
2998
3854
4618
2269
2574
3764
649
1115
3263
1186
4943
1713
1150
3220
774
2295
2611
3859
2435
3150
2251
3780
1418
2896
4936
92
634
878
406
2039
3020
1504
4008
1837
4708
2960
4863
3805
4801
529
1356
2992
4990
2228
3702
4539
4603
564
590
2063
1530
952
3040
1532
490
3866
2914
1039
3439
2793
791
1765
328
2139
3099
1893
1853
3268
1153
2264
315
3580
3105
1008
4492
4232
2011
699
305
1517
1866
2850
3521
4955
4087
3145
1901
2762
2212
2753
1910
1753
671
522
1882
3105
25
50
517
2704
4307
3394
3813
3628
2473
4525
3861
4591
2533
355
1003
469
4333
2836
4909
1275
2849
622
4744
3940
4254
1849
4578
1532
4135
2269
1280
4493
4214
4075
1325
2684
154
1160
4025
4498
4871
4569
1151
548
2616
1818
3996
4672
4635
4132
3073
2127
970
3533
1145
1439
4325
801
2681
1161
4920
591
2285
615
4121
3410
3028
1669
1056
4217
4408
684
137
3438
4164
1188
4749
575
260
828
3162
2472
4387
705
2736
2317
839
1141
424
1577
2540
585
3609
117
2822
1609
3172
2951
4816
2680
1333
4146
1871
3067
651
4675
4080
4638
1872
1312
323
1359
365
4947
1301
1775
1558
4729
2844
1932
683
936
3389
2012
3507
4626
790
3619
3226
3877
1332
3277
1996
4385
4634
2388
2489
45
4160
3718
1189
2
4921
2020
1543
2187
2800
28
2896
1575
3927
405
4651
2477
471
1927
890
1289
1320
4478
2844
995
3495
2876
3689
2900
1836
1420
3185
927
4135
2254
1109
3512
4060
4671
1911
3402
457
2878
2258
1192
4552
4316
4891
3892
3357
1910
1190
1034
1735
3826
1730
2183
2649
4912
3684
3335
157
2539
467
3442
1699
3317
1850
3037
3312
744
45
1083
4308
2940
3472
4755
2760
4093
3879
3227
3281
2
760
1518
889
4622
896
3253
74
4825
3131
246
1399
2625
2216
2911
3434
619
97
1774
4118
2446
4709
679
2353
1458
2844
1569
4536
4855
3621
3905
2158
1746
1882
4817
738
3125
2815
2819
2568
4796
1075
2628
4850
4642
1331
806
2117
842
4150
3225
4942
3507
