832 319 1230
156
2101
377
2349
630
4688
1405
3838
1709
1649
2833
3973
2798
3413
4893
4081
4122
1418
4134
1334
4992
4042
3250
4512
324
109
1483
2745
3021
1716
495
701
2576
1288
3318
1947
2703
4562
4680
3039
3191
2705
2829
1274
4934
1726
1223
326
321
343
2150
4256
517
853
4979
1750
1229
277
1039
1354
2469
4879
230
2736
1085
1782
2250
3951
756
1494
1036
4188
3819
3537
4474
1765
10
3319
2523
4059
2640
1762
1425
972
3714
2133
895
966
2591
2495
1535
2822
4578
3527
3695
2580
1769
2622
506
2594
953
3339
2839
545
2652
4015
4142
1195
3097
2958
44
4807
4746
3110
4113
1863
1885
4004
1884
423
915
589
3100
1413
3586
231
2402
2847
2632
2024
589
4099
4013
4554
3153
4482
491
1582
3517
635
3153
1426
773
1095
1287
2274
2557
1706
4887
2990
2511
2947
187
4931
4472
2540
1150
1729
67
3262
3844
4598
3893
115
3616
321
2633
1926
1441
3210
435
799
2045
626
1434
3197
4259
1907
2084
2742
867
2732
707
2335
2411
1063
3625
3277
408
4245
2502
221
1064
4643
4204
847
633
1747
2653
2065
4122
4172
4883
1711
3597
1741
436
2669
2031
2283
3828
4232
3242
774
4399
2780
3614
3463
1492
3855
3216
579
528
247
4653
2573
4940
3905
4483
132
1912
2711
457
2134
4905
4707
3859
4131
2967
2476
144
4762
1127
1398
462
4833
1663
2800
1229
443
1326
4808
993
1124
4425
337
2516
311
1916
3947
3868
796
1929
2059
1665
4462
642
1311
3457
3790
2216
2706
863
3524
1432
2071
2526
3107
2502
4193
420
2307
1106
4264
78
920
432
71
1402
4006
4358
1060
4516
2845
3761
2780
4319
3565
2214
937
4190
1447
1025
3681
871
852
250
4645
4180
3319
238
101
490
2104
836
2432
3456
4426
2748
545
1489
4058
1962
3309
774
5000
2518
1936
11
4847
245
4673
3136
2079
3568
528
965
983
3832
3055
4013
4201
2874
290
1815
2218
3040
3100
2371
218
2892
1487
3731
516
2730
3028
3817
3695
3517
3130
1594
4561
2863
3814
3258
4341
1768
3613
2108
498
3665
3686
1942
3507
4643
691
3452
1588
594
3692
3431
503
3059
1006
3835
734
2923
869
4064
2604
1173
1254
201
720
3480
3735
1834
974
1203
2845
4721
1676
1175
1505
3372
4467
1184
2449
2826
4343
3861
4654
4720
64
1280
1158
1032
964
4828
3766
3445
280
3563
4166
1704
1350
2759
1427
4770
676
1391
4205
1328
3128
1054
852
1470
3423
3533
3949
695
944
1553
2355
3416
2217
50
466
3355
3414
2555
848
4667
3167
1158
4316
2579
4644
3357
439
2776
2751
1457
3499
1132
4625
4842
4422
4889
4716
2255
77
4140
1708
1250
1819
2595
1745
4027
1868
18
3383
1845
2869
4568
2312
2491
3638
2130
4576
1195
2004
4753
173
32
1007
1807
2430
1455
4788
1286
2604
293
2776
2756
744
4010
3635
3798
2550
4836
889
4606
4530
1228
2097
1073
3128
2842
3747
2015
2241
2327
3863
4762
2958
3208
3099
4033
596
1464
3065
4219
3108
4086
3630
3001
4264
1341
728
2953
141
3218
1975
3997
4714
676
4959
323
2186
1479
2076
100
696
2751
283
37
1058
2370
4639
1641
218
4665
528
4440
1940
4357
58
2395
4352
3815
121
4373
849
1824
1448
1010
3264
4895
4207
618
2992
1094
4289
2921
92
4607
3761
1306
102
3932
1152
1294
2310
2120
3062
3077
1895
4372
3570
1047
22
2561
4466
1535
4186
814
1126
340
4489
325
1826
255
4987
4481
1188
2684
4897
3279
1516
181
23
3000
1235
1723
1515
874
3973
1730
3216
1465
1397
1143
2578
2840
3976
1032
974
2799
752
2433
2918
3124
4707
3653
1596
2184
4233
3163
4030
4628
22
3858
2866
4374
3258
526
3091
1370
4069
2219
1330
2938
1688
3287
4518
349
4743
1402
4950
2515
889
1566
4646
3689
2392
3397
2619
487
698
2223
3535
3291
67
551
4209
324
974
1761
2077
4624
147
4035
4155
3456
4585
622
2258
3486
1685
623
4035
4006
199
1021
3922
2506
3018
1720
1899
1154
812
3706
4870
1002
1053
2345
3323
1981
405
3301
1704
3293
1124
2560
4495
3374
2043
4953
2125
4903
2741
3936
1129
3993
4347
4597
550
770
1188
147
2327
574
4670
3902
3987
1646
3392
1713
2666
4277
4157
3977
4332
940
1545
3604
3233
1486
2158
289
62
3214
1014
1423
1463
2786
2207
4858
2735
4893
3454
1904
1373
4016
3959
2033
3179
1059
547
3215
3367
3704
843
4686
293
4842
2458
2011
606
2473
4208
1808
2155
2137
1817
3241
403
954
3788
824
137
4261
2481
1045
3534
1559
2352
3063
1990
216
437
4099
892
2160
534
4033
1221
1378
2668
2
4193
3278
894
3495
4840
2879
273
1252
361
1513
821
