3033 1398 2997
3945
3143
602
621
1309
3025
1298
1758
1907
2690
1704
3106
4718
1832
1070
340
1956
4313
311
3006
536
4117
1905
3589
935
3621
1947
2426
2814
2126
4231
3337
4230
1892
3980
368
1555
2652
1653
1848
1962
1283
883
1735
2686
4091
1989
3810
3421
3624
4519
760
2877
2755
3395
2154
1373
4368
3937
4201
4328
695
2913
3683
1831
2946
973
4451
4971
2439
3369
59
3369
2293
1308
1180
1122
2649
465
2745
4082
1583
1154
2372
3020
1459
3056
4028
1253
3833
2469
3615
4029
4698
3
2130
910
3024
2430
3173
1637
131
4912
3206
4799
179
344
3806
3734
4469
3019
3017
1511
1193
3709
3298
1734
2800
1472
481
1987
2489
2418
1876
4303
4396
4946
51
2206
1207
179
1693
4842
3156
1744
3241
2682
3299
1586
3278
1007
3967
3111
2355
730
3770
4113
897
4776
4209
2431
1150
310
1310
4333
4639
3219
1518
3893
4604
438
2668
38
4076
2694
4337
3701
2681
4371
3320
1362
4396
527
896
3109
3135
3598
3732
306
3969
4699
345
4344
3821
3847
559
1151
3356
861
3175
1916
4279
3293
4931
236
4429
2950
3286
779
2405
4606
2438
571
1062
3646
2381
3942
4340
945
3192
1002
3389
1821
4478
3717
1972
1808
1021
1593
2921
444
2646
4057
426
3476
4316
2074
229
4531
4729
1254
857
2254
199
3599
280
782
2197
1749
2720
4493
2951
3885
4647
4662
126
299
981
3414
1494
4715
1831
3959
3202
3596
4134
2972
2980
1447
3922
714
1770
4036
1561
2967
1158
9
2805
3522
1800
2400
3146
2590
4869
2433
1069
2665
3357
3330
713
3494
4269
2168
4015
2377
1838
3077
549
3621
4176
2603
1051
315
4387
2731
4672
3208
532
4715
754
4831
4681
4632
3527
4461
904
4376
2727
711
2138
94
3867
2872
136
3798
2133
3094
1714
4104
2189
4870
2528
4833
1395
2558
1055
1324
3755
3823
4100
32
2415
1807
1399
183
2452
4587
1632
1286
3233
3696
468
3181
4797
2463
3426
482
3022
389
19
2931
4673
2883
1344
1946
4269
555
3727
1984
934
1590
655
4640
1834
4174
2757
658
1117
1449
1332
1451
1211
54
100
4332
968
3749
2273
2006
4400
4948
58
4349
1232
1046
2685
4786
723
4446
858
4456
3867
423
3584
679
1800
3477
4744
4583
901
798
4709
1528
1798
240
320
3809
3600
1312
1908
2306
1295
4623
3374
4205
3345
2367
3773
711
2655
4492
4590
405
2259
3801
2819
1188
1819
1021
3909
1824
2985
3786
3910
3733
4318
1211
2225
4050
3113
3619
3041
896
1612
3622
3103
1083
2922
2640
3339
3662
3214
1921
4005
2153
12
3424
2828
1579
945
1427
4945
3529
1446
2016
2939
540
1821
4048
2388
1264
3523
60
4088
2380
4646
390
611
3184
356
3464
3705
4144
1224
534
3421
1730
1074
4348
4018
3111
4190
4418
4549
2435
4401
278
1319
3990
2010
2322
4214
1295
775
908
155
3608
2550
1309
3939
4609
884
2168
3381
4822
1570
2803
2523
4413
104
2941
4723
1508
1908
598
3233
87
2328
1966
3028
3843
3333
1768
3210
4726
248
4785
1570
2172
3636
1098
2156
1084
378
253
776
2424
2449
4204
1663
1535
2184
688
2489
4672
158
3057
4029
4314
3810
1954
3122
2179
1191
3899
70
3528
4636
2055
390
2688
2291
1656
1425
1348
2921
4563
2713
1601
29
3060
1499
4790
929
3342
2335
2091
3775
1121
2536
3084
2747
3263
1074
1691
953
2100
1921
1385
947
3262
2957
1938
3485
2876
1394
4394
1412
1495
1021
4530
4665
1916
4856
3233
200
4723
690
2641
3487
1253
407
4433
1183
72
1828
1249
4970
1928
3232
1133
210
1038
3780
2051
3642
2789
511
625
4204
3651
4769
281
3588
3576
1017
3649
501
2941
4163
606
1168
2900
358
4899
2451
3350
238
2677
2886
3634
4305
4497
5
4758
11
50
4827
2131
3122
838
1310
4094
64
4536
4214
85
3997
2561
3410
2529
1050
4708
3729
3418
1687
1728
4004
2109
679
294
2129
1220
529
4858
4617
4664
3126
1658
379
1524
4774
105
3356
3643
76
3540
4190
2386
2528
3515
4326
3660
4247
812
3824
4517
3043
1097
1191
2623
1472
912
1656
307
668
1930
58
1436
4571
3695
1823
2108
4980
588
1351
445
23
4614
3745
344
1820
3551
3950
4816
3157
4480
1508
2420
3179
2445
941
715
322
760
4174
3546
4299
3229
2263
4565
481
2860
2899
2050
4918
2942
2090
3644
3317
883
4260
1770
4073
4791
304
4408
1475
2547
4888
2963
3603
851
3960
3337
1284
842
4717
340
4685
1195
1225
3263
1492
2950
1115
1719
488
3054
3909
2515
4495
1303
4529
3402
3526
2616
2459
2060
4579
3048
4347
2893
513
3357
3568
960
4229
1679
2751
4340
2241
4273
3734
1712
4420
544
1400
3426
4539
1837
2484
2733
2479
543
577
4937
2998
2189
2640
411
919
510
2555
1505
1671
1526
3023
1342
2302
1504
633
669
489
545
2912
4048
450
4030
4863
463
173
683
4833
1518
2856
1100
3499
1544
1576
1612
2598
3893
1556
3934
3964
2211
4709
4534
1884
2204
4063
2867
1171
1121
4188
2605
2682
1024
1766
2989
1492
950
87
712
4999
3754
2536
4997
1743
1377
2730
4271
2773
216
4147
2044
874
2002
2089
4298
4999
2258
1289
792
2066
2702
4564
2589
1371
144
4245
1642
1880
1309
18
3798
1496
3607
2633
2672
4983
2264
2082
2270
2621
1397
3323
2404
2030
3272
2812
801
1807
2775
733
2558
1567
4694
3506
760
4017
4882
3953
4216
1837
3506
4765
1111
2949
405
2050
3476
3269
2820
1986
364
4484
3566
2972
113
489
4483
3859
356
3802
257
4567
843
3014
4379
3127
3728
3182
2501
758
2534
2217
3201
570
3777
2320
3576
2903
2457
1920
911
3396
1636
2229
4140
1425
2673
2461
4835
3558
2773
3919
4137
4212
4192
1297
3399
1581
457
3823
2526
3682
639
2914
2502
4911
186
4062
1169
809
3952
4015
4215
4927
838
3570
1052
2193
4767
2133
2660
533
1136
1801
2619
517
3600
1782
1042
215
4209
2657
4772
3716
3314
1714
3052
329
413
3186
1585
3643
4618
3415
808
3274
3677
3748
2052
1023
1373
336
2863
2893
563
3724
3554
1260
1297
3449
496
3233
395
2640
3885
1147
3705
4979
4696
3668
4459
3519
585
2766
3754
390
2928
2557
2242
1028
161
2395
4809
1517
2196
3974
362
1996
3450
43
4417
4058
3863
3615
1117
942
4945
2122
570
1264
4260
630
3206
1976
782
3121
4794
304
97
4644
425
2870
3267
3185
1142
2931
4873
4373
3769
3565
2755
3504
633
1436
2613
2698
3658
3858
355
3823
2749
2073
4686
4141
968
3258
1853
3042
3065
4509
4703
239
4148
1046
1207
3650
1982
1326
2406
4989
1638
2748
401
3475
1676
3742
4118
2796
3807
2009
868
4573
652
4263
1960
1812
2676
868
990
2000
2738
2382
4209
4560
3711
1730
2679
2826
3943
2899
225
2248
2224
4986
944
2964
1429
1890
3709
838
4362
1376
1782
1577
787
264
1563
460
2102
4549
1309
4184
1543
4309
3708
879
904
157
1403
3457
587
35
2790
3109
3835
3580
2795
931
2163
4697
228
3456
2842
742
3024
3714
2317
151
1778
4554
3161
2499
1246
4657
3392
2141
1647
3187
168
3172
414
1858
80
634
1769
1671
2301
438
96
1239
1989
4977
1643
2994
1304
4575
2985
2903
591
4231
3921
1583
706
1098
3171
1638
2408
4932
4099
2625
882
4131
1403
4871
3072
955
3412
1875
3395
1627
288
1422
4775
376
4488
4744
2424
4010
4213
4840
2446
2977
2910
4639
1347
195
1422
1094
3950
4452
2259
259
2346
2709
2079
4596
1417
2346
2276
4592
2250
4438
2070
1231
3474
1763
634
231
1136
290
4869
1355
728
969
1177
4373
2255
3041
3493
2887
208
1041
3761
4030
1597
3405
1650
363
2335
2235
1851
4172
4411
3681
3845
1962
4086
2809
332
3932
228
3684
2756
4279
3601
1805
3123
904
4075
3618
4448
73
1982
2253
1559
4529
3690
2885
4827
4794
352
4777
3556
4787
4465
1429
1530
4762
4629
75
1045
4440
2960
2303
1415
3963
4690
4058
725
350
192
3098
3066
4828
681
861
3501
4167
4201
3181
298
154
4549
4002
1718
1378
4624
3269
2119
2694
3681
2337
4590
2879
2941
996
4306
3618
125
4171
515
345
3462
3779
1340
4941
4323
3477
4307
1363
1412
4391
3361
2178
518
2360
3508
4055
1601
4077
1707
4680
2496
2303
280
1878
4776
2446
3012
1624
2307
4235
1827
1678
2587
4469
4337
4158
915
2224
2058
4614
1469
1690
677
3792
4150
1021
1422
3095
2414
4115
25
1734
493
2892
2448
1753
2904
1017
3091
4554
3918
1422
4733
1259
938
2944
2336
533
839
4225
3324
4213
1200
2156
1975
4174
964
2813
2052
4854
2868
4803
4851
2701
3358
833
2492
2691
1019
2431
4439
63
2394
2461
4261
1751
139
3230
765
1685
4057
96
79
895
2131
2349
2625
2905
4469
3453
3579
4415
4295
4917
2096
4328
2769
3544
1775
4764
3606
4230
4453
1357
1772
4924
4750
1112
462
1560
2800
1761
4075
1087
2294
4655
436
1791
771
2199
926
4963
4960
3625
245
3189
1696
4211
3498
3375
3962
2442
247
1451
4726
3683
1256
4456
3378
728
3692
2938
4441
1133
3606
3598
2835
3836
3914
2841
1620
4936
56
2516
1952
1135
4390
1140
2264
4125
113
2398
471
2725
1862
3332
3629
3732
4946
418
1824
3769
2459
54
3402
3944
815
3668
2562
1243
4379
2518
4420
2005
4171
360
455
3434
3017
138
3864
2760
1859
3552
401
3484
4528
4216
859
2439
3916
2060
3018
2700
3767
3982
2248
4731
4858
1309
110
2407
2574
3080
4663
1026
117
127
1577
205
3588
4136
3840
3881
4299
307
3772
3917
4379
1030
3130
3711
2149
4606
1473
2143
1903
3260
2947
1856
4967
383
3833
4521
3416
1221
72
571
3985
782
3523
3242
2713
4103
1986
4186
3728
4259
1316
2638
3063
1435
567
2043
2301
668
4633
3546
2197
1024
175
4443
1981
2599
3580
392
3006
3470
4295
3445
2638
2676
1690
3707
172
4843
1781
2324
2474
4465
4067
3677
846
3355
4997
738
1351
1433
3281
1229
637
1174
4193
3919
4192
3049
1620
3977
1232
2110
4838
3687
3698
2431
1941
1241
777
1172
16
431
4384
657
1859
2624
452
1518
3795
869
249
1738
4326
2471
1549
2192
3757
878
3215
486
2337
4767
3660
985
927
4399
861
4345
2655
2303
1718
3541
4925
4573
3414
245
1365
2854
3559
525
1122
2926
4067
4127
278
1325
615
3014
4214
4937
1738
4031
1046
712
131
2762
2143
3026
77
4377
2261
3227
4765
2513
3941
1385
3100
1549
2470
2769
4372
1108
2593
1329
1422
3398
3610
1935
2853
1615
1584
4212
1372
3505
2143
3215
2818
4026
2608
1689
3156
3030
3352
935
3723
2466
4751
277
3227
1149
2333
298
661
1760
3279
4564
1662
3106
3336
3918
2210
2470
4433
1339
4214
72
567
4505
1337
4619
3826
2437
4805
2813
3292
422
4996
2199
2262
3369
1768
3738
1549
1613
249
2877
3875
3742
2675
1446
3356
2893
4784
3425
465
1411
975
4612
3148
2627
1894
408
4582
3676
3857
3344
3915
1385
4535
1006
63
56
228
3027
753
300
2496
1832
3185
4115
3194
4921
4489
2184
188
4426
2059
830
387
2152
732
2590
2241
2812
1397
4334
4407
2643
2915
1372
1187
1286
1642
237
869
2755
1929
3979
4102
3507
300
532
3094
1511
2740
2423
754
1600
642
2762
4249
1787
3123
1924
3241
1524
3837
882
3606
804
4532
342
4409
1205
334
787
1213
7
1539
4367
2823
2740
2611
106
2620
166
3967
1677
2381
5
1674
1418
4269
1838
363
2258
3203
3268
184
625
1686
2224
3077
3437
3829
517
3903
1871
2345
4521
2543
2662
715
3298
3056
1776
1488
2770
28
2243
1420
3302
3283
2824
3525
999
3719
2735
333
3243
4726
1858
832
4093
699
3302
4356
1122
796
3334
1236
3198
768
2831
3088
623
1353
3932
4326
3698
102
4825
2612
2698
4118
4050
1462
2802
1100
192
127
4501
4040
2075
200
3750
1461
1293
3850
4836
938
4307
3973
3857
2529
3695
1260
4106
1834
4779
4605
1436
3164
1179
272
3629
2334
3402
3901
2119
1973
2046
2161
2694
4604
3824
1043
2842
4366
2930
3464
2729
1580
3804
3488
1882
4095
1961
4450
621
859
1496
726
3152
1560
457
3402
4889
2799
1207
3353
256
3313
678
540
4925
4092
33
4060
3773
1371
1475
4636
4996
872
605
4310
61
1320
3097
4496
4572
2202
3561
2369
2745
2
1340
1444
515
4938
4253
3426
2671
4936
2694
2629
1169
942
4066
4920
4757
1435
4611
3601
3697
3573
801
3680
554
2911
2136
5
997
3811
2204
3573
1896
2203
3153
3870
808
1508
150
432
3043
3641
4499
2439
4572
4381
2853
2397
279
3961
1352
3335
2455
4416
3265
3785
4607
4720
2036
1787
2670
4688
4155
3266
639
3643
2852
3332
1741
2855
2398
3117
1839
3844
1883
4133
1796
2741
1079
2708
3708
750
4315
2128
994
772
4247
4747
2103
2517
430
189
3001
3192
1250
4813
278
1900
562
960
1317
4149
4678
2468
2831
1197
1240
4467
597
981
2328
3612
3403
3762
3110
923
3829
4910
4409
3077
2976
1951
4529
170
2828
1549
2491
1138
3020
1809
3318
1683
899
894
1262
1871
1172
949
4438
3797
3064
4805
3640
3279
3299
3231
3153
3990
2605
1222
259
2741
1902
645
3165
1755
2131
2259
1241
3668
843
3510
4733
2512
2738
4350
625
4739
506
1314
4978
1628
4137
4025
1173
1497
1154
2519
4014
888
563
69
2124
1636
3544
1505
386
111
947
3897
2477
4692
4756
2778
4483
1056
146
4652
3664
581
2518
3877
2922
714
1915
3842
3448
1492
2109
4639
2495
505
1109
4797
4442
2701
3689
4967
3332
4151
859
1083
3822
1365
3475
4377
2724
3677
1931
567
2418
3272
468
1874
1558
851
4954
1213
2672
1528
2564
1701
1721
601
2047
2461
2749
1212
235
781
2929
3325
497
4924
2938
4631
850
663
4301
4951
3382
1382
3667
3934
3399
3676
105
4598
4345
95
2451
2835
3290
1791
4071
4996
3186
4867
4899
760
392
2983
186
1701
3149
4279
192
2778
3011
1113
845
4401
3797
2930
4941
3794
4874
3185
3758
4841
447
3502
4260
1183
515
744
548
4906
3747
4210
433
2921
2009
1502
3717
429
1066
2128
1706
3078
3236
3976
513
3322
4248
2796
1628
2120
40
2738
178
725
1772
4763
167
173
2910
4572
2401
3409
1394
1394
1655
595
162
1547
2693
569
2986
3736
2335
3101
36
1714
1854
2306
2339
3696
4888
1941
192
3686
1615
1614
404
1738
2383
4489
2185
4073
123
676
4604
298
370
3937
1798
2061
1449
1427
3522
4504
141
1467
1676
866
2925
4137
4001
3291
3846
1079
1640
4111
1088
2811
207
2087
2733
2863
168
4146
443
2963
2162
2511
3191
1199
708
2228
2349
3728
145
1345
1464
3432
4843
650
2328
3357
3186
3777
4817
1764
1327
2632
1620
1929
1535
3854
3661
2712
786
38
528
4930
3891
703
2574
469
3173
1482
2487
2351
4829
1708
4491
1439
4436
1712
2070
4197
773
3301
4541
4126
1818
1530
2651
1657
2844
4730
2852
3478
1414
1345
2774
205
3279
158
3406
803
3834
2378
1744
4670
4114
3065
2899
4839
4127
1191
4512
900
3078
1386
4916
2772
3550
276
3440
623
460
1196
2982
3346
4286
2246
1326
1722
1620
2351
4707
3950
1932
144
1543
636
3717
2790
2644
4813
2376
4251
4532
3484
4049
2748
3006
1197
2498
4439
3649
197
1083
2019
2607
1305
1070
865
1712
4078
4185
1837
546
3739
1986
1778
4666
3533
1342
1074
2704
1240
2974
1020
2243
4374
1689
4368
1187
4567
4148
2838
3128
3581
3406
4753
4293
915
3263
3841
5
2720
3918
4805
2441
4814
2276
1490
4735
4428
1875
3616
4009
2627
2686
742
1539
16
727
4890
1087
2164
2235
2319
2156
2391
4491
299
2275
3260
880
3734
1183
1499
58
3685
1280
3219
4081
4036
4307
1349
1755
3662
2903
2012
4381
1806
3838
1889
3338
4727
4971
4084
2123
2949
3819
3571
1885
46
4758
1233
3225
626
1428
4104
1662
402
2752
823
4104
1509
3840
1696
4661
3213
3134
3562
3015
868
456
122
4343
2361
3800
144
2405
388
695
2179
4715
2198
211
2584
2395
2377
4408
963
64
4020
1390
1863
2268
4394
4855
3200
4474
1466
773
3471
2769
831
2273
1670
2078
345
894
3611
4406
4269
3852
21
973
3670
236
2795
4554
1102
2428
2233
4830
1086
3204
100
619
2920
2891
3193
2996
3194
4668
167
2483
3538
3384
2545
679
3158
2856
2841
1870
1054
356
4259
526
516
3400
1506
3240
1384
718
2457
1875
1460
4619
3981
2199
1937
964
3842
2559
636
2120
2506
3032
249
1061
3045
407
1565
1235
4373
4048
868
915
2227
4689
4754
4789
2389
2294
1268
3652
3402
1610
730
3924
3035
92
2440
4967
1135
1374
1420
133
1713
4796
246
4545
3732
992
1293
1890
2931
2777
73
1051
89
157
151
1007
94
1996
2838
2464
3777
3129
3057
4375
992
1241
2176
473
4277
698
1771
4917
1317
4390
1121
4774
1285
1038
3457
4530
343
776
4098
3735
4801
747
3504
2487
2324
1260
1376
1255
2300
1552
4474
1305
1600
2295
3639
46
4589
293
3988
985
1675
2814
1238
868
990
2876
4429
3403
1557
1395
2810
4548
2605
2255
733
618
3519
2629
232
2540
4158
1570
1131
2132
4522
805
4894
2100
203
397
4675
