3071 4453 301
2361
3850
4919
3788
2760
4993
4399
1626
1604
4085
1867
553
4154
3901
2985
4848
3941
1812
457
1338
2408
934
3598
4160
1245
316
4252
1307
4675
1453
3265
3498
3249
3894
3021
1396
4808
4869
509
4386
3348
3579
1520
1422
476
2096
284
1009
86
1319
2463
3222
2028
3405
1091
1708
3866
3517
1648
726
4869
626
4190
4314
842
1456
3757
1362
1424
1047
2856
2523
3445
1022
3747
4015
4763
3046
3372
2449
4498
3864
4004
4792
44
4120
2307
1648
244
2341
2025
2837
1663
4210
4874
2626
1328
1490
1738
3667
3433
3438
4112
4253
3735
1027
1346
4513
1415
174
3415
2323
168
106
3340
3193
3451
645
1196
3627
2519
2004
284
47
3986
2536
1309
2263
4475
841
2108
3414
365
4462
3501
1791
2647
2198
1435
823
1504
946
4659
1447
2288
1340
4050
4408
4742
4639
4548
2149
2726
4635
2939
2964
1410
4960
1171
3588
2915
1684
2950
635
3541
3946
2509
767
3317
4872
2609
2318
3151
2612
2817
73
3232
370
2832
1302
3281
1734
3173
2390
3403
1277
3563
3976
4637
4315
4943
2106
3657
3833
3551
1976
2837
219
3481
2666
3901
4220
3397
917
4248
3593
62
2793
3027
2608
711
4790
4452
4618
3088
2248
4443
1045
470
580
2133
3468
3714
1581
4543
1998
1987
1193
2521
1080
4936
4188
55
1570
4042
4237
3916
1079
2955
3697
2330
388
2762
1100
1110
3430
4360
1693
1363
3136
2788
2064
3432
2860
4503
4438
1942
3192
4200
1966
3686
4735
4518
2776
1671
1838
3722
810
3211
1684
2808
2966
1554
405
4430
2102
69
4068
3889
1263
2093
4716
2789
2177
527
1010
3127
3235
2589
4137
932
2618
4728
409
3314
844
922
1636
4564
3695
1331
553
99
3172
3202
179
1337
2500
1050
1496
3645
2055
2911
800
3597
2089
4761
66
811
4215
967
4829
4773
1886
4418
1278
3833
508
1902
4850
1549
1689
3122
1755
2747
4820
2824
2845
3565
1905
1847
3088
658
4603
4082
4645
4151
3179
142
1052
4381
2924
4677
3486
1578
4256
4202
580
427
3141
4081
1120
1018
4169
2618
17
1069
518
3859
2599
4737
591
1584
114
679
152
1413
120
4955
1500
803
544
3087
4525
1485
3893
4393
1170
1080
4458
1946
3122
988
3908
1193
3978
1447
3353
857
2557
4036
3337
4585
4135
2743
1759
3713
2387
4076
4617
2100
1311
107
3647
3194
508
2010
2674
4609
4825
2018
4190
651
4273
4601
4504
2430
3128
4180
4814
958
2626
1254
221
4017
3070
4646
1114
1973
3422
221
4179
468
2151
3905
176
4218
3056
948
688
3556
654
2653
2148
2746
2396
2120
2899
430
461
1702
626
847
1888
2874
1904
3767
735
2739
1551
4826
4944
1732
4937
965
4449
1969
4716
2180
196
4844
2478
3767
3373
930
4997
4258
1299
824
1864
316
1774
1533
4285
2151
2135
694
460
3710
66
1942
2896
1696
1651
2983
4421
4142
540
1637
2045
532
1695
4186
4949
3118
1289
526
1871
3874
3821
689
4835
4766
3137
2857
4426
4257
2068
486
3958
2799
3737
3608
2081
3518
3151
2822
2924
4992
4226
1254
1281
1049
2930
3249
3725
646
3926
3996
4343
4372
3219
4748
4333
1850
1871
3292
4339
2285
4208
4407
386
3493
1357
3469
3592
2080
3186
1574
2997
4473
19
1481
1610
1701
1629
2530
93
3219
4646
3018
2573
2233
4552
1789
1726
395
4582
4430
430
216
2361
2295
4492
3307
496
3023
4808
1017
464
3324
2735
4367
3563
69
2966
1690
3956
3392
295
4108
1356
1920
2205
3122
3637
4911
182
3756
1059
1469
999
2808
1210
2517
3525
1631
4467
4434
2991
3485
1491
1851
2032
3446
4235
1731
4527
3822
4633
1155
1700
3625
3358
1727
100
4963
4703
806
4028
1205
2832
562
1454
691
1767
242
1467
2018
4037
974
3320
4450
115
3763
4162
1343
4543
197
2214
939
3823
105
180
904
4837
1836
2759
4822
2454
441
1574
3298
1974
236
3914
3933
2880
3919
2767
315
1428
1343
1529
414
3713
1924
4732
142
3175
2140
4905
2422
649
2434
3509
1103
60
471
4362
3627
4314
1330
3212
2515
2268
3423
4712
1480
435
4043
934
2182
400
1942
2772
1229
514
4810
3501
3602
1884
995
3329
202
1039
4733
3461
1009
569
3467
3128
3022
3214
4468
4884
1976
4277
1602
1742
2963
1763
4148
4341
3478
2058
612
843
194
4355
474
575
2462
1800
396
933
1985
2652
3348
4114
4344
2293
4235
749
837
2029
2392
4139
2685
2308
4862
2067
3688
3754
2825
4929
3367
3934
4843
4283
2696
2068
999
2505
2039
1796
4732
2425
1522
4863
3508
2196
4050
998
1243
4713
3548
3503
2877
3835
4439
133
2525
2978
2085
1466
1022
4993
1340
449
756
4968
1010
2436
662
4835
540
2853
4156
537
221
723
772
1415
1029
3989
2931
4664
4748
4804
1328
3487
1029
208
4845
3478
2809
4638
4034
1285
315
1312
897
62
4772
3350
1267
1382
886
1427
2403
3634
730
531
3505
2379
2315
4195
3345
3933
2353
400
2556
4251
1433
3522
3524
603
4458
1716
3333
4718
3033
274
4633
2499
170
1997
3687
420
1237
341
4974
4696
3595
1367
254
1820
2617
1733
2611
4169
359
3331
710
1955
1296
2367
37
1986
619
4043
4453
345
998
3835
2848
4471
3341
2016
136
3632
1353
2840
442
381
3646
2508
2525
4188
3361
206
730
1583
83
2945
1848
234
47
3871
3832
1603
2435
1518
3054
2362
4244
514
4837
2425
1353
1558
291
1479
1713
2067
2501
2315
1209
605
2220
1313
141
1393
1757
3908
3490
571
1932
4095
2149
2757
2466
788
1643
2070
3192
2671
2940
96
3697
3964
818
3061
3511
78
649
4830
63
2604
1217
1866
4149
3788
990
1601
4556
3720
547
3538
2397
2810
256
4449
2910
975
3295
3431
4196
1144
1623
2304
3783
856
2702
3159
1645
1061
2497
2030
1603
3984
4775
2729
688
482
4610
932
390
3628
143
2636
3224
1555
1656
1492
1796
3819
4319
4345
3155
3905
3740
2408
4829
650
2767
190
2514
2641
1874
605
3162
629
2125
2018
2376
4174
805
1040
2943
3991
1429
1107
1324
804
4462
2125
506
163
2044
1574
1419
1910
2470
2121
2700
598
2214
1184
692
2900
2636
2838
4458
2687
4327
19
3973
3395
2036
4657
4596
3420
2615
2302
4889
1097
3277
4051
693
1385
2790
2897
1673
3854
2458
4146
4337
2023
826
3850
2057
2660
3099
1191
466
300
4405
1660
1818
1231
3833
1786
649
1855
2200
1270
558
57
1584
3486
2057
222
52
2375
2690
2181
1646
3253
3138
2032
2230
2869
1547
3720
2764
362
4464
4879
14
1351
4881
144
930
3009
2141
2174
1205
1641
1537
3650
3513
3753
4623
2880
349
4469
3291
560
1689
2488
3695
859
1645
1440
4062
628
3027
4106
4124
433
777
4491
1762
823
1408
856
1423
4818
70
3451
206
3005
4199
267
2497
3085
280
4964
202
4281
194
127
1878
4448
1313
4486
307
1823
2499
2292
4578
2386
2180
2166
473
967
4664
4829
4423
4040
3704
1921
1808
1539
2179
4860
4664
4607
888
1108
1696
3331
716
2227
3617
3610
2209
142
4674
1544
93
4819
3435
2734
4894
2090
1698
264
3918
728
997
4235
4676
4556
2933
4997
1904
1136
4204
2789
3391
2945
4776
1941
771
4183
1327
2457
1571
131
677
4695
3306
3649
2514
922
1860
754
4057
4472
1294
4202
4749
2536
4614
994
853
1912
1016
3110
4809
3554
4147
3463
3838
454
1723
3824
3747
4312
2195
2970
3818
2478
4181
2968
890
2293
4582
3287
573
451
1801
4882
1234
2345
398
1805
4631
2471
4190
415
790
1044
1289
343
688
2041
599
574
1729
1853
4535
4903
1054
3096
2651
3914
3408
1148
3050
386
4189
1251
638
3945
2178
2939
1344
1390
345
4880
4292
4595
192
3928
4421
3982
3745
1749
429
2448
2501
4285
881
505
2101
1150
4092
1234
1673
2520
3735
1947
3102
537
1789
4285
2850
164
2591
2060
1542
3936
2677
2148
3486
901
835
3619
2993
4438
1051
238
104
3520
2986
988
321
4248
711
1550
2270
1246
139
3048
3447
2600
3109
3068
349
1440
3386
746
3119
3316
1442
3806
718
839
3510
3531
4970
4312
2211
39
4764
4898
349
3655
338
4366
833
1180
4896
4637
3019
1679
674
3501
3653
4788
824
950
3085
257
2487
3678
1464
309
2421
981
1261
3022
460
3444
3268
2990
1770
3291
1765
987
3676
2036
2895
3808
4799
1142
4676
843
2008
3854
415
740
4423
2500
4854
2425
1743
3529
3748
3113
3405
2696
775
2322
3791
4732
3826
3969
2909
2476
2216
1068
1393
767
705
1788
1243
4795
2186
1871
1219
2950
2154
438
1140
4255
404
3751
1841
3610
1798
923
526
4082
4141
3621
1221
281
302
1947
1567
1468
275
1049
3625
1690
1244
2248
1427
2876
2364
246
3545
1144
2964
4924
3896
4517
3099
3517
2800
3385
3650
1650
2016
4827
1832
1974
3168
2157
2866
4496
4933
2338
2856
2375
2219
697
2243
3534
2260
2122
4524
2678
646
3394
2955
331
2597
2207
4946
2966
4360
4257
4688
2216
2008
2281
1153
993
3305
317
488
1861
2747
727
448
4377
2470
1441
1370
2568
417
2199
127
358
2862
311
1345
32
1108
1134
2038
1594
107
665
1214
4521
3324
21
3141
352
1247
1585
1998
2327
4058
396
2229
3149
1865
3681
2125
1636
461
3899
776
4197
516
1533
4000
1304
4335
1863
4632
4713
2368
1971
4587
4752
4923
1090
4516
598
2998
3300
4577
2748
2824
4974
1687
512
3910
2489
11
4675
1396
3127
3182
4913
1279
1825
3685
3915
3886
1209
4518
4809
3461
667
949
3120
2057
2245
2967
4395
4700
4594
1945
4247
587
2317
3233
2815
359
3177
367
4229
2089
3612
4921
1367
4129
407
2504
4413
1054
4997
4698
4420
257
2643
1406
3227
2973
3765
1083
4103
1616
852
678
1557
4432
3751
1466
1633
510
3997
4905
3215
3042
1196
2799
4204
2246
1876
4792
4051
3401
2625
2861
2944
3656
4682
2399
4527
4510
3713
1805
1407
2175
4038
2395
2801
356
2690
2597
2136
754
2897
330
270
566
3480
3721
1118
3365
1055
1137
1654
3479
1028
4133
77
60
4979
927
934
2547
2032
3181
1731
4707
502
2781
3020
706
4155
1243
2245
1104
4919
2122
2867
3735
4243
2635
915
14
4987
3502
916
1344
411
49
4454
1626
1414
1046
3439
104
3082
3401
4374
4663
2375
2257
2743
3946
2373
1141
3330
4894
4062
1637
4560
3446
2428
2146
4486
3158
2302
2336
485
3565
4086
4396
3219
642
2207
563
4373
4532
4040
3172
4799
557
786
4498
2511
1606
1717
1841
394
2194
688
3119
2146
4981
4875
1546
2029
3764
3346
4962
4099
4094
4380
2073
4053
1682
1107
812
1645
1298
188
4779
2450
4489
46
810
4620
2135
1973
3681
3684
1409
2740
1555
391
503
4302
3674
1064
2664
474
3432
1653
3114
2258
1130
3140
133
2075
4972
1293
2733
4423
4191
4719
99
873
4511
261
1284
2128
198
4291
4122
2986
3094
1608
1915
1533
4154
3414
795
519
3276
2771
3407
2014
4928
1953
3406
2130
2841
1647
2390
841
290
4800
3864
1431
4742
752
4798
2725
3654
2555
2826
3952
3371
3731
4396
2192
69
1214
2113
2664
1762
1005
2741
493
1234
4693
506
2293
2830
2179
611
3155
780
3097
4257
3984
3269
4425
2804
957
3234
3071
2569
3527
2964
2371
4285
3222
286
4084
840
858
2683
165
1250
4875
3105
1500
1591
160
757
3095
2906
3756
3540
4384
3079
4674
4700
2998
1195
1116
2888
2275
4664
4827
1713
4294
3181
3482
826
2143
3491
421
872
1503
4796
3709
4316
1027
4964
4676
3190
1198
2405
3558
3935
1914
4074
2178
2889
3756
307
2829
3096
4310
4728
1834
3885
1356
162
67
17
1867
4800
1306
314
3032
1123
589
545
901
2620
3725
4267
712
137
3063
1259
1592
2662
2354
2102
2603
1438
4119
618
3703
4872
1897
4419
4919
3813
1196
1077
100
4511
926
1749
3400
2279
681
2363
760
2877
3227
1703
4998
2551
4932
1362
1550
4681
2748
1357
4788
2688
4396
3796
1075
4516
1364
348
2462
641
4943
84
3322
1558
1859
189
227
3173
1312
4617
1396
3022
2902
4051
1070
3410
3174
1305
604
1874
2442
2953
2153
4159
4581
1015
4099
290
1370
1368
707
1919
1205
3170
2768
8
19
505
3432
3439
817
691
335
4138
1642
2361
3669
3725
4862
4702
482
1269
1191
177
2194
933
1292
644
749
4783
3401
1953
2587
1152
3255
2598
2082
4801
1478
4469
3877
445
4715
801
1434
604
32
4731
4364
1563
836
4169
3435
1938
4831
2087
2251
1374
718
4385
2382
138
599
1619
3445
3946
1667
1868
1735
1237
2288
2170
1541
3356
1479
208
3735
3878
4165
2209
4716
3623
3819
1026
3521
2372
938
3094
673
4129
1142
2988
2401
791
3920
863
892
1192
753
2761
2388
646
1737
4793
1276
4303
2338
1976
2257
556
2055
4530
1248
2570
1093
3050
1814
673
3242
1153
47
1474
1408
3654
4799
56
3360
622
3611
1754
592
550
695
3513
1545
1873
2746
3707
1267
2902
15
2755
3198
1278
35
4989
3014
4944
2453
1088
1189
3131
2968
2181
4652
2905
3802
2173
3172
3668
3463
124
4092
2038
3076
342
4771
2367
3983
59
4958
3331
3642
4334
1469
1198
3795
3282
1670
137
3631
1516
4128
4925
866
988
4504
1776
4845
3403
1492
4489
1307
1635
2293
4360
1421
3236
1163
2611
3169
4561
1805
1038
833
2522
3010
1536
3899
3122
1856
32
2158
429
1425
164
2336
4751
4960
1878
3303
2300
4765
4498
2088
3316
537
3535
399
930
2109
3564
300
3020
2714
2482
4621
911
4243
1917
916
2810
3059
1492
1875
2950
1632
207
1155
1105
160
4848
1403
477
4235
162
4829
3437
3199
2726
1654
1981
1833
2661
3520
3571
3175
4214
4458
1577
1371
1764
2085
3378
1958
1243
2745
4626
3544
853
1828
1273
3328
1806
2206
1458
3306
2848
1904
1946
1393
3534
2196
4203
3167
2590
527
3101
276
1961
4495
2495
3973
570
4855
4694
3897
4379
2560
2176
3551
465
3530
486
702
3215
1115
3136
4389
369
3721
1918
349
3462
2575
2796
3464
4249
4804
1028
2945
2037
2740
3715
151
1225
2809
2546
1085
460
1801
1958
3072
20
2767
188
18
2340
3127
4347
4530
1436
2406
486
504
3638
4206
3337
984
191
2734
1332
4800
708
2453
3261
4092
3883
195
3006
3432
4192
52
4457
3233
1943
1234
2316
248
4567
256
3324
3478
3848
3891
3219
416
64
2594
3335
3628
4099
439
1880
3026
2384
3456
3368
4028
2919
4235
4659
216
4010
1917
3284
2110
3458
3398
2435
1264
4043
810
4359
1254
1724
3983
1037
54
4431
911
1664
1204
2608
1348
2571
3811
1999
890
3042
3683
2792
1710
3815
2035
2538
4098
1001
3678
2792
748
2677
1508
1864
2297
785
4569
64
2290
2199
572
3757
4955
907
1373
4801
2937
3100
696
3417
1002
3582
730
3067
2515
3088
480
2980
4497
2239
4658
116
377
2855
4438
3048
2986
3122
937
3366
2673
3685
507
380
2337
2172
1288
4407
2845
2166
3928
1802
1497
2877
233
2566
867
3198
1455
4664
2808
3701
4799
2606
4826
4737
3728
3753
502
2090
2743
57
3617
920
1079
4916
3087
4290
2677
3299
4843
4411
116
4959
4814
1774
904
4534
2469
4134
4924
1852
1750
1853
2790
3204
4993
3330
1373
1932
4763
1067
2344
4966
635
1241
4789
3507
4358
988
3857
4166
2228
1590
4618
4630
4412
1363
4353
304
2434
447
756
1124
3602
3748
650
4083
2220
2307
1449
802
1532
2763
4229
4960
3809
681
1012
3201
1011
2006
2148
195
1128
1272
2514
281
376
473
2558
1087
2190
881
4595
4694
1885
1864
2767
1688
3841
842
4247
594
925
2814
2143
633
2150
2491
2834
3039
3401
321
1426
1761
4866
2076
937
4389
605
3651
2347
3958
2813
3806
4030
719
2744
3163
4235
4952
1720
2124
1704
4304
180
812
2250
3707
3202
3538
579
1293
218
2100
3085
4289
363
4128
3881
2529
4612
4351
4770
3537
1676
3070
2269
4993
220
1986
1722
4853
2303
417
4843
4967
2064
376
522
245
2110
4395
938
4161
833
3063
1756
3904
3
2191
1590
1987
4611
2932
4606
1091
3981
52
1610
3395
1738
868
4026
2183
3336
3640
531
3395
4910
441
404
3631
2127
4527
1496
1459
1878
2976
2409
441
2451
3111
579
2779
441
215
1577
1433
2615
2970
520
4709
3240
4619
721
3341
962
107
1231
2708
3734
1464
1572
2411
2189
1835
4419
4663
959
1252
2654
369
2574
4971
1498
3544
3
4098
1081
1101
2828
3754
733
2265
3970
1661
2987
509
4834
1897
3074
3993
3139
3316
4910
4697
471
1658
2890
4438
1046
3770
1349
4195
1816
1244
4795
1141
4121
4663
3346
1808
2056
642
1990
516
447
3242
1312
2144
2316
3450
3446
2488
3925
1333
2747
1934
2826
604
4702
3863
419
4995
4438
4700
2773
3733
826
635
1259
2310
2583
4269
2204
2254
4969
3077
4897
117
3355
1142
691
247
1642
846
2965
1944
1369
4538
3700
1433
2722
2580
4531
3149
2417
787
4385
3133
24
3787
690
3267
378
3545
3249
1459
62
919
4915
4802
1968
4082
3846
862
4647
4940
2805
3524
2555
2240
4337
4213
4107
1489
447
3341
2364
702
2654
4375
3024
3808
2457
2883
1380
4897
4613
649
2013
1585
4931
1072
2065
1876
2081
2443
2363
558
3050
184
4763
571
4383
2832
1865
388
4175
151
1207
4859
1184
1275
3884
2586
1533
570
740
2350
4750
3968
4994
1886
383
3074
3886
4304
1301
2872
1160
447
1847
643
4955
4297
1832
1677
1274
3409
