4723 4020 4493
2659
534
1976
3501
880
1335
3182
475
4539
528
4795
2190
4795
3881
1875
3073
2660
4954
4064
1250
2891
1416
2752
397
483
3044
502
2001
1856
2520
1600
4028
2769
596
4524
1732
2692
4481
911
1169
748
2167
2870
4592
1007
3390
779
281
351
4060
4421
2632
3
2101
2281
3930
2359
626
4944
3877
3796
2159
2205
3246
3556
637
3584
3941
891
1645
296
3300
1661
2563
1864
3330
2285
108
908
3380
1529
4650
2634
1978
4750
976
2971
947
2869
768
3209
3871
390
4142
1405
1059
3418
3882
4151
4636
4214
2702
673
3686
4937
2546
858
4292
2019
3169
2457
4860
3954
3529
2387
1809
3291
4180
99
3552
3125
3010
1483
3349
3826
135
2054
4944
1249
1791
4790
1640
485
2436
3392
3262
4388
902
3792
2759
2672
4939
3713
2723
410
3154
4522
609
1303
669
4622
3546
370
156
3739
4435
3622
2339
3827
2982
643
3563
2980
4617
3954
3061
3237
3807
1368
3793
3246
1581
1725
1991
67
2539
3866
772
819
1374
2349
3740
3710
2673
50
1110
941
3260
2578
1089
2427
2352
4618
1522
2845
1512
1730
2757
3914
535
3033
3669
369
3497
2163
1988
2664
2346
1273
4340
1721
2736
4708
3227
302
4939
2081
3883
739
3040
1475
4388
1146
2161
439
4937
2059
1229
3310
104
3645
2180
3330
459
4496
2047
4833
4868
4364
3970
2519
875
3055
1148
1891
1225
4686
1364
1329
2083
4958
288
4162
3116
3479
1451
3131
3966
2403
4867
1521
1029
1718
1225
4625
2704
2636
3614
1134
2463
4908
2907
3415
4784
2551
1248
2664
3577
4871
4248
3016
1180
3941
2335
1115
609
1003
1737
339
2863
1922
4389
4256
3554
3327
1823
1158
742
473
2296
1533
4285
4317
719
2982
2639
2665
1268
4777
2449
4149
4435
695
2328
1062
2505
1780
1386
547
4108
2494
3661
148
1113
677
431
1380
2589
1872
4260
4976
714
863
3188
2412
4392
3840
4868
4559
4580
1862
1797
1622
3618
1343
3186
42
2739
681
1181
1205
1107
613
2848
1608
779
3948
3619
3131
4047
2103
2740
3429
4505
3812
995
673
2369
3131
4469
1478
392
1074
1403
658
953
2540
4168
3608
442
2079
3925
51
3097
4232
750
628
2727
2004
1782
3094
4430
1746
516
3024
3065
4741
2674
2215
4761
4982
2700
190
4901
570
219
1781
536
3940
3308
4013
2360
2049
979
3795
4043
3983
2340
1002
4605
249
2534
2694
2093
2854
4643
310
2598
4802
1236
3355
2626
73
3060
1160
9
4009
2101
464
2351
1098
4069
4451
1303
1495
3178
3167
4736
1270
4804
239
1255
1901
4681
1777
311
1320
2891
184
4371
2646
4424
2706
3635
2305
2035
2845
3882
3717
1239
503
1359
4036
3920
4790
3990
3326
4426
4275
4542
3698
1606
1775
2123
3776
282
1435
2521
4576
1769
1921
4566
638
4150
2230
2891
3667
41
3429
4828
2280
3655
2623
904
3902
3859
4879
4692
3983
1888
4422
1926
270
3744
2798
1847
3212
319
3100
2368
3028
1244
4909
382
2483
1573
1490
4757
2214
19
1209
396
111
1114
2219
4549
2724
3153
1597
4087
3379
3700
634
3193
229
2897
4896
1755
3287
1776
2207
3993
201
3504
1296
1961
2816
376
2104
2211
3335
3389
1057
3572
2175
701
1156
2708
3210
2777
2352
4472
2914
2028
2183
309
2737
1380
2848
4869
2011
2843
119
4452
1414
1652
2560
3211
3623
3647
2784
985
2493
3591
3254
1891
2445
3417
754
1220
3580
584
2732
621
1603
4762
1300
2010
3411
1037
1529
4628
2236
3743
1725
1997
2806
1072
3173
966
3546
3933
633
2615
275
846
1151
4378
2908
3585
1229
1216
2033
2735
4728
4310
765
2335
3205
715
1685
948
2204
4165
743
4117
2476
4778
4688
3624
3558
3553
1511
2668
2811
4079
2638
773
534
3921
2615
1185
4609
3368
3144
458
5000
269
1979
794
966
3621
1072
2564
295
4291
478
2358
683
2052
3113
4347
3332
3018
1077
4105
4886
1916
2286
547
1627
3298
325
3867
2216
2152
1720
3865
4902
2396
3977
972
3746
788
1408
2832
4288
2814
3917
1938
3872
577
4599
1845
1324
2326
2512
1126
2455
1680
358
112
2973
1046
2602
2189
4234
4651
46
3337
709
4898
293
4439
4462
1209
4872
4253
1107
42
2617
1181
1056
2768
413
4950
1335
2149
231
3840
1669
177
902
3597
580
4667
2923
1199
3426
1057
208
3323
3741
3771
1446
581
3850
3831
882
3105
4748
3457
964
200
3305
2438
717
569
4689
3222
2565
1560
3858
2484
3457
3644
585
2189
1991
1692
4527
1145
533
4171
2311
150
2103
2132
2753
4073
2265
1951
1260
887
381
820
2211
4574
424
4752
382
2655
4158
2144
1949
2889
484
4585
3262
228
3322
2644
649
2409
972
1615
404
2841
1120
2420
421
3729
4530
181
2237
779
944
779
4808
533
1003
2073
1484
2344
4655
1135
4265
4368
2840
4995
2539
1733
1127
1742
2281
352
2874
1684
3893
1756
1169
2535
3742
4755
109
4363
4701
4262
3251
1881
335
3269
4228
1986
1476
4057
473
858
971
2640
3873
3020
3819
3693
4074
992
519
3010
3202
4611
4001
2547
3549
1003
2427
1892
4566
3208
799
4037
2480
883
2163
4656
3657
2051
4897
3311
4678
725
2938
1458
4426
4571
3807
3937
4999
3528
2243
2775
2327
511
901
1449
541
384
3523
3666
1717
3808
1356
3164
3975
77
621
4376
3398
1640
3119
1941
3341
4993
4988
4258
4185
3591
3571
3006
216
1801
3417
1594
3249
4092
871
3335
223
3183
1888
2752
4059
107
951
183
3802
1443
2862
2122
4864
4151
2599
3776
3819
3772
3928
665
1013
1604
763
2622
3226
3171
3018
1475
3246
1291
2576
2369
3040
2192
4955
2444
3915
931
4552
989
4700
870
1827
197
4643
2061
3704
1405
2153
3673
2889
4337
342
1179
4200
2741
3091
144
3260
338
1528
3466
2041
3474
828
1808
2611
4960
1746
3013
2508
1065
1417
2465
1426
527
2877
1630
2341
2619
2613
3140
3784
3316
2587
1972
4991
3128
2
3759
2122
3288
2961
4035
3861
3508
3452
687
4692
4930
571
4661
3717
1808
3191
626
4492
4413
2330
239
3164
94
1041
3102
1766
2860
952
2045
786
1895
1714
1604
1192
2022
1148
4561
1969
1724
2162
2745
4246
2266
4432
3013
3232
3552
926
4885
2552
2981
4322
4952
4504
759
3793
2074
3152
1491
367
2647
2048
4845
4320
1104
2758
104
1278
1385
244
1985
277
950
4305
3581
2966
1913
669
2712
2379
1731
4172
1344
3169
1229
4550
4789
3476
2092
4023
1430
2797
85
1991
4959
1785
1505
204
249
2614
3997
2737
4402
2137
3706
2011
3728
895
2532
2097
3043
3340
4712
1238
3245
4093
4331
338
2421
2397
4676
2253
3995
2050
2122
4666
154
4802
1250
2612
142
4535
4128
973
4574
3892
3845
272
1013
4375
3792
2335
1258
1425
3207
529
2781
921
975
1924
3896
2226
4265
996
1177
719
1791
4889
1030
2700
4584
2977
1006
4652
3200
721
1456
1717
2837
3169
2449
2910
3799
1062
3657
1683
4188
4374
4953
2729
3050
1607
2258
350
1499
4660
3679
4656
2298
423
1762
2419
2674
3410
2961
3542
3589
4209
4643
1316
3832
2095
1046
4218
1032
1540
3618
802
1173
4861
3407
657
1151
4087
743
2628
2336
2681
1057
3935
634
3254
1891
1810
3437
2666
324
4457
3125
4601
4195
3563
1691
4531
1419
686
4569
1521
2998
327
2687
4167
1220
4118
3407
1172
1412
331
3375
2539
4755
3424
4841
2592
644
3081
4111
1465
2299
584
87
1954
2426
1617
3209
4938
4384
596
1544
2225
638
3604
478
325
3946
2301
3515
4889
1115
3886
4308
4453
3339
462
1748
721
3213
2112
3771
2126
2039
1271
696
3988
300
748
1382
2534
3964
2789
1426
2304
338
818
724
4907
1910
2131
3331
3455
4700
515
2966
1823
4575
2552
751
2427
2766
990
1223
1442
2247
4841
582
4852
2753
236
3196
3353
797
4957
3152
901
2927
3046
178
2916
3777
4358
1589
884
576
4266
3401
1217
2841
1545
3461
2808
1879
1481
1784
328
1376
729
2799
816
501
3269
1432
623
3908
4244
3343
373
4831
359
4277
1961
2883
876
719
1697
1198
1158
2678
3973
294
1936
871
1907
2905
3345
791
2778
4731
2256
1719
4170
4257
3398
2730
1372
4927
3585
3358
2494
4649
1972
1419
4324
738
4250
4326
1764
2740
3308
4981
4597
897
1010
2786
3955
1695
1555
3104
3497
4700
4373
648
4447
534
4760
2015
76
4854
4530
2903
1290
3759
3265
4005
3670
2749
584
4935
3806
481
4009
2028
2674
1953
646
2123
157
2260
4450
1177
2933
4385
1445
1446
4037
2507
4120
1996
1099
3755
1805
3810
2014
4081
2769
2965
3904
4515
654
442
3466
4707
2354
3207
2071
3893
4087
1811
3484
1152
2321
4456
2287
4531
1155
450
2415
4060
1943
4869
1054
110
4567
2267
3945
3433
1269
3021
1397
3211
2035
835
4238
3823
282
4248
3918
4701
4108
3833
4233
4910
4232
4928
513
838
858
896
2276
3011
1121
4028
4405
1905
78
3550
2261
1476
2162
2156
3756
1560
3510
2914
2530
3806
4298
4745
2754
1821
3299
3490
3659
3037
2616
3254
3723
3561
4705
3609
146
4511
4454
2919
2092
4333
1088
2926
3463
1407
4250
509
1936
2494
4090
4102
3904
1806
226
1206
4315
2608
2807
600
4993
1085
1712
1292
698
2646
1223
1195
4987
3348
3140
3354
3038
3396
2803
3960
2428
3385
3947
3553
3276
4089
2688
4206
4076
2812
3181
3117
1553
1196
3285
4155
309
3614
3926
2574
3095
2392
3240
4208
3839
2399
2629
885
2723
459
4952
1615
730
3371
3050
3854
4122
4669
1507
2612
4551
3392
1108
3249
3260
950
4666
640
4786
4038
1043
1157
4804
4002
1079
267
3661
4187
182
1742
960
3352
3378
447
37
1560
3268
2735
4931
1254
3606
4217
1136
3608
2997
656
3650
4001
3033
3592
343
1403
3992
2140
60
3929
618
2932
1990
1651
3522
3529
1144
2880
815
1262
2387
2128
2510
1958
1431
3107
3387
2232
4358
4449
119
4935
286
3509
3370
3118
2299
2357
504
3025
2009
2719
1485
3970
313
2300
1061
1828
79
2394
1314
3765
1461
4157
190
2421
3316
2910
655
2497
4623
281
2293
3728
788
567
1312
61
3823
96
2799
4676
599
2430
1749
4106
4714
1310
2875
638
3013
318
2278
208
61
4080
1842
1179
4115
1397
899
3793
4020
1376
1622
2442
3890
3405
4896
625
1095
3471
663
3299
510
4789
3078
3573
4261
1060
878
2295
888
4052
2788
2279
3396
3030
3065
2962
1528
83
3597
3201
160
1839
4869
696
1255
3326
594
655
2954
1854
955
4076
1574
4671
4184
2969
3779
839
951
886
4222
944
4863
1844
2773
3395
4649
1544
2531
3129
4788
3367
3841
1152
1747
1771
4820
2440
1148
846
4512
2893
4470
1806
3059
986
2727
4167
3601
4751
4624
3238
4972
4280
888
3340
585
3170
2016
1873
3748
1109
2556
3624
495
572
392
2970
3194
860
756
187
4831
627
228
23
2466
1771
330
923
1899
3883
4362
4966
524
255
940
4144
4900
136
4508
1056
3153
3072
1635
2100
1971
4961
829
607
3692
4565
435
2443
2848
4876
1549
3892
4263
1006
518
1846
2259
2005
741
2798
1356
4424
311
4572
2798
2868
4519
772
640
1730
579
747
2641
1005
3237
1256
2729
3443
20
4761
4195
1525
2656
4836
3306
1309
3195
688
4740
1762
4739
1411
1660
2596
1233
2140
4817
3241
1629
4924
64
2178
1969
1916
931
1424
4947
1555
3421
1436
360
2460
170
3404
1531
4885
3792
4618
280
319
3993
566
308
68
4836
4612
2607
4898
4947
1177
1308
3182
4425
4030
1742
4372
3624
4833
2727
804
1785
3194
1859
4808
4843
991
1698
2105
3799
2052
639
2047
1584
4530
3278
3362
1449
3550
2943
80
4305
1135
2602
1227
2640
1020
3651
97
1542
4878
2936
4740
118
3392
4800
1809
2899
4794
386
891
2096
3174
4824
1969
2627
1365
1938
4848
2461
766
2367
3880
2194
1918
3922
1938
3125
1679
374
2902
1380
2601
193
1254
2846
29
1705
65
217
2403
3880
4571
784
3160
4784
3695
2094
312
2958
1933
1575
3741
3328
93
633
522
3226
3895
3218
1615
1719
1786
1891
4138
627
1356
2896
3823
4675
4275
3771
503
687
1374
1078
4212
4696
3997
4669
4865
4368
3828
1299
4156
4441
1460
3029
2165
438
2607
1124
3853
4960
381
3310
4831
816
4183
2928
3981
4456
1225
3551
410
3249
2767
2928
4532
3500
2148
171
3812
3395
3774
52
4791
2
1197
2274
2205
4874
4886
102
867
4067
3113
658
3881
4966
3624
898
1701
2957
2997
4689
3780
1151
477
1094
3246
4407
2153
2237
3081
3742
2391
195
4068
2828
1795
2732
2657
1690
853
3150
3004
132
140
2359
2223
3297
3844
1462
2245
3159
3451
268
217
1134
4962
178
2006
2126
663
3
2638
2199
3741
115
249
2039
2340
1854
2672
2878
3929
3967
2022
1277
2647
2167
954
2139
4198
232
4725
1646
1961
140
4747
4270
4329
2766
2000
2861
4364
3933
2680
3311
3529
2297
4321
1286
3170
4287
3392
968
4114
211
2290
277
3064
911
1839
2029
2787
3265
1883
1507
4064
509
4132
1888
1081
839
2535
231
3938
3498
1290
743
4868
4334
4256
2327
807
4450
4810
1535
744
2244
4418
1114
3274
1859
3080
229
3109
2540
505
983
286
2041
4228
1729
714
2873
4299
2791
1163
429
2591
222
1533
3071
3216
3979
1664
4628
4654
1848
1066
1246
2307
553
4511
3724
693
1306
4475
456
2694
70
686
4416
3424
3801
424
4850
4306
2117
2902
4948
2382
2970
2533
847
2499
2993
1584
3255
245
3561
46
3239
4071
1729
1670
2802
1776
1546
2778
1460
244
82
584
909
2481
4661
1841
446
2447
4790
4711
1669
2629
3334
1683
4047
2619
2271
2428
2371
3149
470
4563
2315
3324
12
2884
3295
4682
4766
1820
1457
2763
1690
454
2127
2211
1779
2748
1911
4808
2741
1508
269
1179
2911
3710
3067
74
950
4535
216
4866
4673
3896
2532
4036
2870
2501
3495
4446
4136
579
3790
2201
1173
131
227
3913
58
2964
3068
2987
4131
1170
124
2827
2803
3541
2482
1362
476
1432
2729
3884
3784
2801
3761
3
495
3939
2334
1545
2579
4384
4764
4544
909
4441
261
3204
1563
631
798
4301
2810
1688
573
473
2583
3741
2432
4502
2513
1844
4012
1535
661
1254
1080
4907
3464
928
2124
4025
3471
2469
1202
3980
223
2320
1186
4964
1224
1511
2445
3128
3577
3985
3980
4161
366
353
4702
4231
1328
4091
4695
1679
2952
4261
2640
4628
18
2815
902
4870
1509
4931
2948
1596
3361
3580
2397
1606
1796
41
1352
336
125
1402
2412
2844
2663
4798
795
2769
3674
4169
2815
3771
896
3453
3133
1958
3575
4733
3722
962
538
1270
3140
2000
1394
837
4273
3832
3600
1241
4601
2731
1939
46
908
1851
1143
2247
125
4261
4620
2813
4557
513
1407
435
1923
836
4939
4037
4268
4438
3566
165
4612
1830
4067
2202
635
198
4796
4669
2052
1463
4653
4822
1005
2884
1059
2383
409
3435
862
1234
1916
4778
4228
4512
841
4355
4183
716
4968
791
396
3309
2707
4223
4979
4060
1473
669
4998
2106
335
3282
3224
2133
134
3782
1352
1644
4523
1326
2340
424
4219
1580
3216
2137
1751
4688
3660
3244
3125
1352
440
3577
426
1668
361
979
3126
4813
3890
3711
3365
4029
3557
4926
2288
419
1763
2212
3212
1992
2374
1359
2717
2706
3584
2960
1171
4193
2370
2294
688
1712
2640
3481
1163
4899
1128
1943
1123
1635
3749
3932
3287
1378
1697
1358
3914
4641
1107
3657
2998
84
1469
2737
2238
1753
1094
261
4204
167
2593
3203
1252
654
1622
805
543
4561
2388
1829
2049
2585
2184
2968
1284
3118
705
2508
3026
3972
181
2
15
937
1915
2577
3014
536
196
4249
2488
3269
3249
4772
3215
239
3474
1640
312
604
866
3462
2878
2722
304
1076
3365
304
555
3316
4413
3548
3215
1656
4464
1927
2623
1100
1939
3937
4089
185
744
3570
1592
2255
985
331
1696
4799
2473
819
3709
2175
1693
3063
3296
270
4155
478
3628
4504
1076
4378
2165
187
1324
2488
2731
2820
4536
714
1601
4
1189
141
1812
3907
4645
2508
4712
4583
2402
30
836
2691
2808
2857
2962
1951
4479
2526
4002
2160
1135
1343
3235
3085
2537
1159
1079
834
1448
336
422
3670
1155
1876
4386
398
4224
307
3248
2247
2286
298
235
3996
4334
4244
2999
976
3946
4441
4734
1623
3518
4849
2330
1063
542
3086
1928
4138
761
4258
4458
4610
3302
2947
1030
1289
4932
763
496
3407
4956
2714
1813
4599
4941
3127
4529
4555
1840
54
4226
2235
3098
3590
3047
2672
1825
2759
4027
813
834
4765
122
3977
3437
4406
2663
4413
4298
1674
1320
491
2851
3076
968
1179
3970
2493
2256
4121
2718
4035
4019
2977
4386
4821
2703
3739
2859
1461
972
4787
2014
4229
601
3587
601
1908
2395
354
2935
1472
2450
136
2976
1638
2311
1543
2693
3632
1789
2453
3447
2028
2357
470
1306
2423
4951
2511
887
3326
4342
399
39
691
515
1736
583
2302
3049
1458
4787
1866
446
1544
1416
3951
636
772
3441
2333
3628
2449
2599
3050
3591
606
1722
1622
1556
3310
2788
78
3543
4240
555
51
4250
4217
3755
2648
4746
3385
2320
3034
4872
4549
2210
4720
141
362
3894
1540
907
1581
4913
3504
1713
3350
949
1581
3523
4432
3969
4811
1739
821
2427
3279
1183
2633
4789
273
1773
4244
581
1269
417
4316
2061
1220
4923
2816
71
2547
3261
3878
2575
3342
1751
4578
2476
2437
2321
3583
745
84
2745
1831
2510
1310
4390
1489
956
1838
1785
3874
738
3413
169
3340
3925
2513
799
4883
4252
987
3238
2774
2147
14
4803
1354
4983
2943
3597
3245
4244
2035
3139
1016
1897
2418
3866
1257
3279
3673
2927
2448
1649
4827
2407
2922
826
684
4296
97
2084
3992
2630
2386
1656
4699
1003
335
3136
1158
4007
4224
3360
4081
778
481
653
4510
2663
2595
572
796
3994
4650
1860
1227
224
620
1272
1078
1345
4838
3630
4066
2623
4601
3958
4271
385
1730
4187
3095
3631
1371
2502
1363
1065
2286
4571
811
3436
2711
661
3646
1007
2618
1438
3689
3730
1074
3662
4765
1500
1297
4394
3442
256
1827
1912
1037
4995
4580
1944
1589
601
405
2666
4820
1874
3139
2677
4192
4778
1478
2292
461
972
262
151
1452
4011
870
3331
642
2698
1599
3267
4521
924
3012
3963
4587
1837
176
4162
4248
1032
4844
1321
2653
3958
1261
4504
1146
3138
1036
2205
124
884
3602
1472
4054
1633
3673
2367
4244
3757
1732
893
668
2557
1045
1217
2915
3399
3577
4292
3285
3648
204
1345
2297
344
2250
2497
1280
570
1003
4850
4338
2298
4604
891
4012
1969
4243
1115
980
480
2538
4448
1214
2500
4339
3240
3106
1706
4221
3222
2840
3253
1753
2591
701
2120
1280
1239
4925
3459
4402
3479
1706
615
4774
3336
4229
3779
3167
1679
3449
4294
2793
4329
1605
1976
296
4787
2706
3392
4913
100
3614
3806
1262
3243
2393
352
1592
3921
293
3103
328
3867
2357
4344
4941
453
1454
858
2607
3561
2371
2178
4996
4571
2345
2949
115
3729
4596
1703
1420
1585
3600
3640
3898
4667
2122
4758
3449
3348
2680
42
4716
2127
3986
3917
4634
4672
945
2212
2351
179
4997
4641
1296
212
3213
3489
4825
2459
291
131
2207
667
3932
4577
2889
257
402
3667
3021
2750
4881
3326
209
1263
2050
911
994
4728
402
3184
476
3748
4186
3036
786
270
2789
4493
1113
1686
2197
4780
3563
4305
3019
3645
4265
1930
408
1071
1030
4364
3222
2316
1591
3397
2249
1
2858
157
2466
2967
3929
1288
3851
2259
4572
2463
4118
495
1077
1622
1846
3655
1483
3342
4534
2278
571
1372
4364
4011
96
3062
2963
3465
4078
2665
3500
2196
3883
200
72
2642
2756
3211
417
3214
4397
498
3217
2233
4314
3173
3763
1111
53
4313
616
3501
2234
484
8
1677
1158
3072
712
3355
4721
3461
2859
2560
2839
4412
2550
1198
3060
3901
3254
2069
4277
3712
1165
893
2588
4561
3635
1290
4937
3451
94
2482
307
910
2415
3695
2869
4732
1827
4032
3634
239
3948
2238
4124
1875
4723
1273
832
4492
2745
1378
351
2349
4976
2364
2121
4764
3490
2271
2376
3215
2569
1757
4399
1401
2845
3153
1166
3817
4529
4974
2636
3426
4751
1811
3398
2678
1810
1733
4562
2471
2404
3302
1531
733
2690
4068
739
2675
1973
769
1887
1189
3758
855
799
678
2180
3517
4724
3851
1885
885
1292
4611
815
423
2464
1292
841
1145
3647
3699
295
281
4774
2773
2349
2000
3762
564
475
4741
3818
3737
3846
3702
3542
3195
4264
4031
537
4114
4531
3951
4947
3856
2439
227
2008
1905
1142
2624
4051
4282
2812
3489
2887
1683
1326
4518
4564
4646
3277
3929
4271
1948
1850
2282
3688
2835
644
706
3322
2191
3397
4709
1956
2114
4462
454
1649
103
1928
3190
4476
1434
2844
3524
1312
4384
457
2698
1373
4199
3430
565
4683
3953
1941
1670
4755
3823
44
595
1180
2357
2653
977
4818
2311
1528
4966
42
4190
1027
2137
2079
4775
3160
1581
2710
767
3022
2259
4534
3480
1609
671
4705
2275
416
2941
47
2827
1179
2579
466
2382
2891
4757
3126
2825
2118
2863
2331
4459
1265
1800
2280
114
1812
878
3523
199
1148
4319
3866
1021
436
3613
4561
3019
1861
1685
113
1887
2920
3026
4586
2005
880
2800
4046
4466
3275
4840
2260
3250
4612
1654
3958
2783
4872
1164
2717
1665
1465
3797
1706
251
4123
4625
1466
3431
1341
641
2709
2330
1409
4730
622
1205
468
1124
136
62
2465
2852
2678
1623
2472
791
3069
2830
3598
2771
4094
3177
3579
1343
1804
1013
645
322
1889
3129
2687
3762
1540
579
1093
957
609
1240
1491
2846
4172
3454
4606
2664
1204
2576
3799
3091
4175
1288
192
4744
4354
3819
2667
592
3347
4733
1253
170
1902
709
3913
4237
1052
1362
1091
2968
4733
530
4360
2446
4665
608
4619
4639
694
3649
1496
3670
501
3861
4610
2832
241
3946
1844
2337
3748
4952
2105
899
2294
4573
4646
732
2969
2459
4079
3181
4030
1258
2230
1808
2786
2244
3981
4705
190
2657
1772
3307
4886
282
4137
676
4431
163
3844
2303
600
4653
4686
3506
3612
2876
1354
3163
1965
4684
2872
1701
29
2795
1096
1646
1998
1254
1387
4086
4058
2137
1881
4048
1222
2534
131
31
192
720
2906
2727
3865
4399
4315
1642
12
2181
3043
1841
3739
2617
2593
2615
1693
4926
2035
4171
807
1151
4746
4787
1290
3595
2974
2889
1859
4756
2328
3139
2219
1053
3098
1253
1704
4411
1744
1745
2107
4658
36
895
4743
2871
3715
674
4438
617
1639
2951
834
737
2305
4010
356
2321
2957
1473
161
819
2926
1500
2740
334
4980
122
3380
756
4180
1329
3985
3450
3227
2927
3572
2617
4070
4851
1847
1687
4130
1333
3276
4948
493
1678
135
3960
2696
1481
3611
3093
720
2841
691
3730
1747
4872
1503
2659
3919
4531
3733
618
3572
95
1368
2412
3903
4634
3656
521
4117
2893
4099
1661
1520
2646
2230
2453
1126
1102
1806
4445
3676
2566
3797
3643
2912
3796
4325
2879
1190
1870
190
3241
2098
117
3837
4039
2358
3986
581
3594
976
3738
548
3609
4104
4157
1166
2357
2314
1387
565
721
2747
365
2826
4946
3150
3185
106
4663
378
2303
1382
3239
1917
249
424
759
2935
3079
17
2102
2138
2618
1872
1545
936
3256
4194
2683
4921
4185
3707
2099
4784
4353
4483
201
4971
3120
2619
2481
3334
4235
2217
2873
2913
3363
3103
3006
1940
2436
577
4281
1928
4983
840
1056
253
1666
619
2108
4364
1497
4224
936
2923
2353
507
3197
10
4917
4611
3059
4414
1135
510
96
3391
1134
1726
1614
4203
418
1806
4436
1491
1208
3258
1483
46
4957
2193
3366
3702
4040
4218
498
461
2647
4224
4824
868
1400
228
4336
1144
3857
4003
3074
1665
2581
4573
4365
4977
4975
1309
4364
682
634
985
1381
1590
4155
712
807
4485
1560
860
1727
4262
4615
3874
2905
136
1304
3162
3017
2255
1522
341
4840
2895
4202
14
1640
1685
3168
1787
3551
490
4445
2304
3754
1605
3381
2012
1274
3138
1659
2921
2484
2502
2706
555
1112
898
636
2866
2475
4778
4604
3060
1466
3228
2854
311
472
3745
4188
580
1198
4042
587
1822
2812
4788
2093
3567
2800
79
3727
4475
308
4602
874
3541
3414
3457
3659
3993
3810
2501
1225
3952
1865
3390
197
1516
2394
46
2287
924
3594
4300
974
3878
2884
3823
4394
4300
1385
567
4830
2314
3000
2818
874
3054
3914
2999
4565
728
3497
2069
4339
790
436
29
3648
3948
1261
2138
710
4994
882
4251
400
972
4872
337
3
2940
4546
3730
1649
4982
4330
2752
2969
2564
2446
2484
4410
38
2854
455
4028
4745
121
590
4001
1376
2062
853
3229
1578
4952
1057
940
3173
2317
1250
1812
3864
73
4519
2805
1241
917
2999
2132
4243
2665
3007
2689
3843
3004
1806
866
2432
2739
990
3561
978
3849
1133
1979
4886
2731
445
1274
1501
1862
4022
3551
572
2557
1951
2093
1051
3226
990
4487
3702
1477
3544
4181
440
2280
867
4509
1153
1615
2266
4968
654
112
4429
1743
1686
1061
3279
200
1707
592
3057
2748
3294
2203
867
4470
2987
746
3615
3383
785
1216
2139
2587
4920
1177
4464
3405
1786
3819
4672
806
1967
116
4187
4107
2423
3608
355
753
2159
3549
841
2648
240
4323
1432
3170
850
578
3224
4327
1291
4156
3609
2558
3401
160
1899
2751
719
2322
1580
3066
2997
1640
911
3796
340
2585
3477
3111
2231
1425
1328
1285
2189
127
2218
758
3070
2283
1802
1287
3558
369
2915
3505
2823
2874
637
1275
506
631
2855
1929
3480
3412
4544
2338
1667
2329
2844
1455
3733
1598
1509
359
1800
4720
4554
2397
2908
1454
4221
388
4084
1186
127
2932
4904
4119
2410
730
1737
44
2332
2535
207
4871
4734
921
1083
4924
1720
2403
3873
881
3527
4342
2818
2938
958
859
4057
1374
3091
3000
3985
4263
4263
1222
1973
256
95
806
2349
144
4651
945
1700
637
2420
737
3973
4089
3272
3507
1578
2313
2361
2290
1562
4373
923
3894
3768
2958
3448
4455
1168
36
2232
4576
825
3358
143
4630
4872
366
4071
3349
3012
2995
3879
2615
2212
2137
4313
2883
4570
4415
630
2321
2226
1962
4380
2217
1966
1683
2816
3620
2591
3776
2205
1179
4134
1135
1424
2377
1751
1350
3916
1038
3683
705
4844
2959
4230
3792
2581
1218
4749
2012
1559
2662
4250
4793
3979
410
3836
4735
1938
3283
2422
4816
758
1787
4513
1887
1311
3925
2384
1733
4633
1610
3932
3199
4698
2240
663
4731
4699
4313
3880
3986
3029
1086
4216
3485
1318
495
294
1819
241
3261
1576
2930
2176
1788
2717
1044
4230
4344
2519
89
4888
544
4862
2388
1089
354
3331
3564
4731
3725
1035
952
4972
283
842
1940
68
387
957
1574
459
964
3007
3389
