4606 4965 4246
3803
2396
4406
538
2085
572
1557
199
1571
4257
1826
3509
2170
2426
1054
4557
1016
2794
2046
512
1122
924
4572
1311
3554
4601
2307
2540
3588
2600
3541
2920
2969
3564
3400
523
3617
3631
696
41
1777
3477
3940
2313
660
3827
4381
1766
2900
3271
3635
2933
901
3765
3817
1466
4203
2228
675
1882
4785
2436
1673
3738
736
577
179
4161
3064
1116
4412
898
4329
3153
3646
89
2287
1998
4971
3855
193
4103
606
4823
3742
975
260
706
4287
842
3498
1597
1029
2404
260
3524
1244
3118
2134
2090
4420
4880
2983
930
3966
207
397
1512
60
4700
4696
1323
673
4441
1014
2666
3159
664
1845
4700
2636
4212
3639
1648
1710
4647
4058
412
1353
4452
1200
3725
4591
4719
1369
239
4918
3357
1048
4477
2439
434
3808
2854
2294
1694
1417
2355
1151
2242
2672
4782
3202
398
299
4928
2407
4055
172
1456
3031
2816
2293
3766
3703
1036
3291
3756
387
1721
1857
437
1300
1646
2647
1150
1181
2867
4069
3193
4178
2677
808
573
3970
1035
3983
1607
4570
3828
4199
4098
4663
1949
1133
1647
310
1457
1762
1388
2771
913
3221
3676
641
1526
3387
1892
3896
2904
832
2733
1846
4105
802
5
2296
2881
1804
3959
1142
2437
2792
2950
4319
1985
1913
2445
3165
4779
3216
1763
2566
4451
169
2204
3697
3320
3173
3783
3508
2768
3382
3293
2884
3722
1780
4633
4935
1486
3073
2533
23
2024
429
3394
1237
3119
2933
512
4960
248
946
602
4774
1297
1740
3783
3915
3357
4701
3889
1689
4267
1666
153
2901
4459
3522
3434
2959
1520
1731
2346
2054
2479
3069
3316
1099
3188
4632
3537
1667
2747
4434
2212
3012
4066
1035
3943
538
2902
2339
686
4321
3638
52
575
1050
594
1633
179
4433
1160
1510
4679
4568
764
1775
4587
3001
2336
726
2900
2210
3504
1996
4044
2026
3325
3883
2321
2531
3618
1403
818
2767
3907
3161
329
183
1875
2564
3840
3034
2239
1476
3341
585
4819
754
4430
615
686
405
4714
522
3361
3410
4583
786
3816
3514
2480
1465
1142
4454
850
3747
4826
698
1091
407
445
4493
1676
4067
1915
1476
36
980
4315
475
3406
4636
2899
1105
3183
991
4378
2481
3163
660
1206
1129
2317
1311
4383
2880
4597
894
163
4605
4558
3721
3962
2262
99
850
4125
4500
2438
681
22
2202
4008
211
1719
3717
1028
212
3346
4738
929
2378
4066
894
230
1338
3960
166
2292
2125
52
4741
427
2183
2127
1861
733
2813
3886
964
2122
3149
4654
3364
1449
2763
2267
904
3370
2061
1181
719
1956
4835
995
3139
4911
3469
4097
1127
4718
2441
855
969
1878
1863
1863
43
1395
4635
3599
2903
4994
419
4781
869
1614
2640
112
4908
2190
2311
3694
4677
41
496
4400
3059
297
1882
4028
52
2197
215
3255
1498
2402
4313
3814
780
369
991
38
4602
3469
4810
3464
395
1897
954
1792
3462
68
3020
1767
446
3011
1705
3329
2075
4639
1790
2478
3167
330
2236
1025
3312
2393
3502
1173
2706
3262
2264
2226
4469
3377
687
4632
435
992
4898
1007
4539
3082
745
1429
4240
2867
104
196
1853
4358
413
3734
3949
1803
3408
4646
1666
2065
3823
4004
4544
3062
2905
3088
1886
4265
2030
2810
1763
2832
298
4299
1134
3730
3219
1740
1565
1435
776
1635
1020
4877
265
1470
3453
2353
954
1261
4447
3623
475
1043
3091
3013
3023
1501
1327
533
3200
46
800
3242
1030
4904
3795
377
703
607
735
3638
1621
2784
693
625
2506
3523
3419
3105
2308
1182
1975
4700
2383
798
4963
1877
2670
4278
1349
2795
3669
2704
584
660
3114
3183
1515
1830
1018
4417
3335
2631
1112
4725
4000
4597
4831
1513
129
542
3408
772
3368
3050
3971
4877
3734
1478
2238
2768
522
4343
4282
2441
3522
3729
112
3106
1959
4129
1374
3551
466
1551
3736
2609
1537
3120
4361
4563
577
1368
3919
2407
4787
663
2323
2641
4458
2647
149
576
876
4979
2043
4656
1685
996
1135
2315
2354
3085
2798
1699
4992
3059
1913
3719
1087
4552
1111
2429
4923
1858
2046
4496
4054
3231
4861
214
411
2421
1794
2565
1436
1004
4112
1939
2574
1542
115
2246
3859
226
4197
1053
1701
3578
2313
3745
2685
357
3465
954
3571
814
2727
754
2628
4705
979
589
4405
2966
474
3744
3415
3166
1366
2073
4515
644
175
1018
1017
2598
2687
3684
4428
1620
4927
3764
1797
2931
350
2730
2387
3140
4112
1414
3742
2690
1841
4088
3593
1878
2675
2518
1508
2341
2702
550
3462
3531
1512
69
1090
3720
4724
4
1640
2228
86
1478
1024
544
3631
2664
3057
3302
4554
2628
293
796
1438
3238
3507
1491
2521
2710
2234
598
4333
2306
4802
3990
983
1702
455
1394
4089
1199
1125
2090
2561
2404
4958
1562
1571
1695
3367
4694
3922
1297
3528
3861
4482
1698
2632
2564
3329
1740
723
1849
4482
667
1297
2916
2187
2232
3172
3020
2803
161
853
4716
1946
2060
4286
4135
3569
1937
514
4641
3152
2804
2130
2041
2017
3138
4499
1563
3727
3174
55
1497
2275
3203
4167
2273
3684
1485
3789
1163
1530
4252
3681
3997
590
2261
3533
2923
475
2393
4103
4144
642
3773
179
1161
3375
448
3459
2433
4681
3282
2367
3099
3799
1462
686
3914
3411
523
3766
2482
1373
4833
963
4131
2918
4706
1553
3219
828
973
3563
3705
4742
404
2673
106
1905
1236
3515
4820
4592
4126
3590
3794
1769
1200
4697
3535
1143
684
494
23
923
19
3818
528
3167
4435
599
3500
4560
4343
999
3301
862
4423
171
4717
2134
2564
4584
1521
2531
3388
4049
2446
4
1011
3055
3944
1708
4269
1243
762
2405
1709
4314
3222
4471
2548
3944
2061
3065
4656
4291
4809
2648
2663
981
2692
497
2792
1982
4502
4132
3659
1878
665
2071
50
792
1467
4239
4319
4232
3162
269
226
2947
690
3325
2636
1255
4320
2321
3086
2876
1302
4253
479
4425
1319
4619
3794
3849
3723
2009
4405
3174
2240
1026
4007
1111
3941
961
2150
4952
4048
2212
1831
2390
2320
1400
1972
3219
2107
194
491
2545
3283
2382
1591
1612
1954
2152
3846
2569
4492
857
4559
4996
4897
1996
560
4756
2331
1409
4076
4215
3630
413
4577
4255
1083
986
3924
1328
4989
4104
197
3688
4056
2901
1285
1875
1385
3325
1768
3631
1393
3033
622
3703
61
3302
4808
4194
3927
4315
3963
4759
2423
564
4535
3905
3809
588
4999
2382
1526
1119
1700
4017
2117
2457
3293
1230
28
4585
4400
4959
390
1623
3408
2183
366
4429
175
236
489
3768
4389
1117
4083
1727
2363
4312
256
3834
1694
2672
4087
2372
4998
3686
3934
3509
1748
1820
1605
1196
2157
3465
717
327
121
200
3752
2911
3705
4310
1675
2141
720
3240
3893
1864
1983
1477
3879
1437
2024
2435
854
4218
2845
2492
727
1264
3752
4461
1282
3164
3207
557
2293
672
3643
2056
2403
4631
4501
3682
3766
789
1119
2061
4283
4868
2000
519
3598
3709
1748
461
2680
4214
3936
878
1313
3924
854
4936
3032
4763
2027
3930
3956
2492
2342
4772
3261
4842
2687
2355
4101
3033
2099
4011
4407
402
2762
1197
2969
1196
1192
4650
2966
895
3114
1814
2631
4612
4545
718
1578
802
1271
2317
4910
4498
1741
1183
618
3353
1599
2043
1234
2104
2009
2039
1984
4492
312
4953
2457
3499
4970
2451
1753
4037
2709
1147
4487
4944
2367
2582
4943
3671
4510
716
327
2718
3891
3459
273
1791
1026
2897
1804
596
3394
586
1828
822
327
2613
1345
4164
113
3838
720
1453
4204
3401
3710
3656
3293
1425
66
2301
1966
2731
1930
4020
4833
4181
607
3154
2682
313
1308
514
1444
2218
289
1191
2205
2730
115
2043
843
4823
3572
2428
2873
2492
885
3614
4010
1111
240
3379
2643
803
3126
642
4381
956
3528
229
4045
4866
199
641
3639
1136
2931
824
2472
2673
4967
4616
3267
2231
2654
1966
2527
1298
3568
158
4380
1553
4983
4210
333
2055
4676
2073
2049
3567
673
1222
3049
977
2205
2765
3651
2280
3367
3146
3945
3871
1371
3984
2096
598
130
2384
1603
4564
835
1818
3115
3099
3269
3141
4787
822
1299
4030
3708
3241
4135
4080
2513
3865
4633
88
321
3545
4386
3667
2369
1795
3719
1201
4535
4533
877
1333
2440
2136
4233
1836
2931
3045
2688
4194
2755
3015
2819
178
1394
2079
4161
336
3655
139
3620
1317
1025
4216
461
238
4370
4935
3396
1777
4490
856
3287
3088
3486
1183
1460
859
2356
1806
879
1709
3651
4431
1659
423
2215
2482
1906
4241
2595
3612
4213
1477
4383
3552
2501
3980
3388
4338
4160
1103
2287
207
3049
1935
4498
1811
1010
1245
2017
449
3245
4591
4151
1312
841
4657
4443
2732
129
3567
3726
4955
841
287
3745
3206
203
4654
2876
4938
1596
2180
729
2216
2996
2034
2723
1960
4002
1535
3547
3783
2612
1907
3850
2632
2307
1051
385
46
2834
4307
3923
102
2848
2603
979
3237
2909
1708
4384
1788
4274
2726
2483
3935
4539
1578
2399
1468
1352
3122
3719
3311
3023
2240
901
2090
1648
3392
3309
2714
3390
3606
912
3300
912
471
774
1426
837
2993
284
2448
298
234
3479
3732
981
2879
4761
3007
4889
1730
4557
4502
1
2934
3187
3077
4971
3780
4167
1925
1271
3050
2682
637
2871
1061
435
1048
4161
317
1845
3555
2041
3340
3436
2565
3019
139
2531
2764
991
4445
2992
1344
1005
2726
873
2206
4972
3782
992
3129
3622
2289
4737
2855
4361
4334
3192
4643
3473
662
3671
436
2568
4577
230
584
2532
4303
3990
4824
849
1712
3280
2587
3469
919
183
14
785
604
2573
3573
4296
2527
2248
4310
23
3035
4912
3621
2405
4573
1340
139
1670
2182
474
2608
2606
998
2591
510
3776
906
1243
2438
2531
2880
3174
3162
472
4815
4052
4356
3100
3342
3328
4592
4014
363
3948
2224
18
2285
1480
781
105
206
2051
3162
4140
2875
3918
525
1668
927
2076
3733
2723
3521
4966
4767
4530
2582
3041
1272
3666
4310
1293
927
4405
3712
1752
2925
1762
1385
342
4037
69
907
812
368
2598
897
4160
971
3010
4345
95
4753
3487
349
3551
697
247
2951
749
2918
1488
4857
1937
713
514
954
3778
2601
1441
2935
3102
70
2955
4038
5
1515
1196
138
3442
3422
3225
2177
1400
329
2924
2457
2696
1552
3871
1855
1734
4605
2358
4969
1493
1189
3812
4526
1554
753
2228
3460
3263
4147
4404
1528
4880
102
2422
2979
4065
474
4984
2239
15
3397
2349
2132
3669
2631
143
4489
2047
3783
1858
2676
4940
1220
718
3273
2711
3639
4091
1781
4068
3515
1413
4755
2244
2405
126
3304
2465
1553
2364
4593
2251
3514
3061
242
1775
4801
4299
310
1396
4823
4071
4257
38
4941
1566
1990
682
2858
741
2704
469
2865
1521
190
2301
574
4086
1765
1164
4910
460
1713
2883
4499
2350
3769
2287
4050
3938
4120
1869
1258
122
2206
3306
3487
3464
2608
4089
861
2223
4119
3121
2842
3625
1297
1008
4615
2344
2520
2892
3148
653
1275
2183
1849
1179
3614
1030
2405
4825
3115
2195
3574
3239
3220
3615
2895
3919
593
729
3177
3981
2856
3925
3719
4945
3694
1356
1883
3025
3058
1921
737
624
592
991
3981
1327
311
2093
914
1046
4610
2164
2275
275
1404
1364
2066
209
3347
3453
3326
1122
123
3282
2127
3383
2085
3643
2937
4537
527
2063
2895
149
1666
3014
2938
4399
765
2820
3240
1289
1231
4125
3407
3624
4312
597
2945
3693
247
4150
4876
3918
3302
3192
1015
612
3539
846
2642
546
3558
576
907
1901
4870
3755
779
1913
3598
2977
4912
4622
3569
4390
2113
3683
1914
4429
2488
1209
247
2406
1040
4433
2459
4773
4698
1069
4644
1781
1369
4800
1753
1228
2279
2139
81
2447
4272
1588
2549
2314
4828
3465
4178
2335
4990
3312
777
3323
3593
3830
3887
4854
828
2216
405
3753
4838
3252
3112
3414
241
2014
253
18
2338
1343
2326
2517
2926
3002
4088
1923
3038
1974
4844
2331
2551
2699
2734
4353
1639
3889
1479
109
630
333
1593
2623
269
2883
4422
2848
4660
3787
2746
1673
1215
2917
2113
1890
1460
1665
770
625
558
2997
1949
905
427
634
3763
3868
2131
1155
1467
3402
2676
385
4954
2228
358
4702
2083
3827
2116
4840
3744
4071
2957
853
1159
306
1380
4825
2952
228
720
4747
4956
2332
66
939
2211
3409
886
728
850
4780
4407
1602
4172
1832
2763
3766
1706
399
2379
751
2392
1911
3341
440
4323
4675
1221
766
397
882
351
3327
3156
4707
503
2999
3437
806
4693
3994
1049
4223
386
373
2645
959
2855
1258
1789
3157
2420
534
1608
2331
4096
2
4097
3699
1145
1276
3253
1076
4302
241
4346
3306
1936
1119
1570
2875
2353
1589
4056
3654
4226
2830
598
3849
1855
3871
2143
2797
1589
1289
2490
2671
3186
3273
4140
3921
3688
3160
1980
4421
3224
4135
1369
2625
668
1779
4231
3593
236
1542
1614
2183
2872
3205
5
4464
1799
300
4877
2491
2839
1232
2605
3651
4311
3287
450
1680
4573
2284
4068
451
4862
1067
1648
1132
3595
1909
2892
2815
224
4913
1958
284
3819
4157
3613
4820
1551
906
3137
1641
3844
2045
379
1429
208
650
150
1535
3952
4958
4217
3710
1582
1466
3998
1318
1953
3926
3527
3721
4550
2118
1938
1349
3538
1230
3544
1868
4146
680
4207
4111
2727
1323
1861
1089
1526
559
3732
3749
3157
1342
1634
450
1298
2068
3238
3038
471
693
1822
90
4917
1543
276
1834
3200
558
1879
518
2438
795
3852
1306
1357
1649
1235
3143
4648
2465
1104
4998
4163
1171
2278
4588
902
855
1937
3498
1384
1192
4205
1284
3895
2506
1513
5
1508
4739
3912
867
4890
1301
1204
1683
1489
111
2401
1052
4859
4500
716
4642
3714
4527
1404
3608
4826
2528
3231
4941
4533
4342
1979
3727
4628
688
387
674
3812
481
249
1462
624
4996
1675
4381
2214
398
4461
649
3699
1828
4603
1360
2674
123
4920
625
970
794
872
1860
753
4866
891
4600
2530
1073
1869
1966
3248
1022
2844
3549
2068
4322
570
2513
4536
4155
2898
4635
4046
3894
3051
1257
2081
3090
1400
3877
3728
4412
3267
1038
1584
4840
3810
1864
1347
894
4954
2985
1850
4740
4511
2927
183
4278
1819
241
1712
4663
2259
196
804
2399
3113
4114
1863
3305
3394
3088
4814
4234
1040
4844
1441
2575
2020
1430
4084
3444
1985
2716
505
3853
762
60
4152
807
2765
3276
4858
2260
1330
605
2254
3295
755
1462
111
2560
4518
553
2710
1158
4732
4003
2535
3148
449
1806
3181
2645
2429
3727
1643
4858
1224
3677
1822
622
1173
3844
2201
297
4906
1524
706
1162
1479
2664
1598
305
2910
4829
811
4142
2935
3507
3633
196
1374
2635
290
314
3795
1703
1220
4382
4115
3079
2269
3647
2758
4511
1880
3653
2966
3407
4691
3839
1610
1118
2855
571
4053
4118
4563
3714
4500
3644
3128
3962
323
2521
2257
3124
384
2154
3724
3609
4996
673
1630
2172
329
2015
4403
1370
4153
1578
1132
646
2939
4341
3723
4263
1681
496
1123
3735
4194
677
3253
229
743
2654
1001
176
4228
4714
253
4292
2774
3848
2793
2704
3116
3339
557
3759
2939
3568
4477
638
2716
2056
3185
4560
1191
909
623
3427
4391
599
701
1358
2248
1948
429
66
4161
4488
3602
4206
4721
2101
2087
3508
574
284
2917
3336
2087
3113
2596
1093
4573
1096
4094
1082
2290
4201
1714
3882
360
1578
4239
191
1939
306
2027
1043
920
3005
1732
2241
2484
2404
4121
2521
2184
4205
2650
4157
502
3612
1667
1866
3275
2157
3014
1501
1341
3174
2371
1519
2491
286
1054
3068
1652
4180
3594
2749
1990
2274
4157
3789
1090
3677
3907
550
3270
2920
3435
1260
1824
4656
59
3839
2001
4670
473
3397
253
4453
466
3502
86
2579
3942
3962
2115
3580
2199
1482
2155
2029
3235
4749
4287
3688
3331
2571
4774
1170
2492
1738
4905
4453
3221
697
4586
1278
175
3882
704
4479
4078
1307
1847
3880
3448
1671
1915
506
2668
3417
1626
4762
2780
2794
3038
4187
2440
1302
724
2505
3985
1675
3792
511
2726
2878
1578
3899
3049
1588
4217
1280
798
3336
1557
1576
4076
4412
2125
341
4755
2433
2691
779
4259
2007
4404
443
1639
2684
3541
1964
3354
1199
2276
4142
2113
2074
1802
2876
3953
2881
2587
2970
4253
1654
4387
3789
4714
1294
4533
1088
2590
247
3464
3931
1892
3079
2459
2112
1000
3315
1020
3109
537
2494
4946
4045
69
3835
2511
4353
4089
156
4094
2935
442
676
4838
2719
3001
1369
1907
548
943
4377
4190
4474
2337
1140
77
3008
3004
1858
4677
4749
2166
3223
1753
4288
1212
3153
1551
1670
1095
2217
4799
2349
1708
1186
4758
4942
1278
887
3378
1806
4193
2603
2698
876
335
3071
1746
1214
377
898
1649
3295
2196
205
4711
4826
1053
3466
2292
1596
1881
1611
893
1212
2772
1743
4181
4452
63
739
3502
3755
3184
214
1808
110
3452
2818
4148
2261
881
1776
3103
2428
2645
365
2866
3910
3003
4542
3460
1879
3504
1731
1943
2034
165
1075
4973
1430
4622
2592
1762
3369
1423
1911
3416
3468
2138
3472
129
2477
2894
4895
213
1708
2044
2359
1122
1306
3923
1651
3065
393
1295
3575
2762
3541
2413
3988
2359
1651
4207
1697
4918
1915
2737
1740
4658
3424
3905
3390
4457
1782
1996
4902
345
1937
4450
643
35
254
464
4986
4484
2154
4960
4858
3411
4513
4748
1073
565
3473
3203
532
2535
4982
4573
316
220
3282
4991
752
1760
4740
2559
2681
4317
4022
972
627
679
4893
4228
2185
1162
2692
3117
2905
2706
4081
784
3279
3815
1189
3151
4401
90
1792
2955
1694
1640
3559
765
2507
3926
938
1270
424
2038
149
2419
2213
4391
3139
3281
2218
495
1721
3814
4373
2069
408
79
3580
4007
883
131
885
3650
4363
1029
696
3518
3480
1245
108
4970
572
2147
811
2444
1004
1232
2318
531
2193
1231
2210
3266
1796
4073
2538
4073
4150
3120
642
4511
2912
2337
3071
478
1481
77
2113
3169
762
1204
3285
509
3231
4160
4802
1738
140
4793
4629
4805
4200
871
4956
1238
4447
3816
3693
2642
3027
4973
4332
177
3895
2388
4434
3424
3313
3849
146
4117
1864
2374
4676
2701
1781
1321
436
4613
2135
679
4065
4523
2679
4627
4807
2597
4498
1237
4040
462
1776
2576
467
1196
2462
2398
2557
2958
3810
785
2182
254
774
3296
463
2774
1112
2091
3056
4332
1100
3804
562
1573
3042
4479
4894
4815
1136
831
2368
23
687
3290
3721
2661
4684
3978
785
4802
877
1653
4756
4265
2779
4833
4122
1896
2831
1593
4428
3537
209
4796
3941
246
2583
4708
2421
327
4677
3532
2795
3567
2927
1121
1786
4613
3346
307
1041
2242
3231
1414
2191
3999
2703
2470
1412
1319
1710
3945
4999
3731
4410
1390
4695
1432
2706
1171
4691
3150
1828
4570
3096
1231
2195
3450
2549
4503
2589
3386
160
3899
3628
124
3044
1760
4265
1623
1213
3004
1198
156
1527
4537
1855
2188
4233
2911
3068
4525
4454
739
3380
4529
4665
3965
3140
4313
3129
2557
4699
1580
4755
3959
2651
3234
1266
1793
2698
4486
21
3590
36
4785
923
3382
3960
3255
4354
1575
3785
4342
2291
4636
4869
4081
3952
4633
4755
865
1620
1558
2334
2430
2467
2460
3257
1900
3714
4758
4143
504
812
4162
3501
658
4020
2891
171
4223
2750
539
4693
4080
1034
4302
1955
4754
621
4118
4587
1587
2388
3550
4876
2257
1009
3264
4333
3934
32
1900
4487
4668
911
3626
4523
3644
3999
4988
1871
4806
2279
4724
3794
2667
2663
3300
485
2886
1720
531
4574
110
1700
3418
4201
1401
4367
4119
1194
2868
429
3580
2310
2673
664
130
35
470
2186
4315
2008
4303
2266
1328
4200
3594
2057
3411
4142
974
4290
2609
4788
3159
1658
3324
4164
1648
3506
4949
4061
2291
3909
4587
2328
4582
2771
1615
4787
2019
4873
941
2945
3693
4778
2177
2902
1464
1748
5
2385
1132
2617
4302
2134
3621
3816
1147
3009
3125
3617
4381
916
2607
2042
2591
3944
2406
359
3861
2710
1745
1612
245
3183
836
2517
1567
4337
2536
195
164
2250
1060
1230
4044
4842
560
3485
2259
1783
360
1754
1655
840
2584
1108
2836
1875
477
408
3743
1063
4127
103
1047
2855
4290
4773
257
4295
4416
3866
1351
4892
1268
975
3147
271
3763
2059
3569
1518
500
3777
1858
675
4788
950
97
4310
4515
2560
212
431
575
4167
569
469
4065
1378
1288
3414
1455
3457
1444
1733
4302
2437
4840
2214
3538
66
3514
4734
4612
2093
3066
544
4363
4031
4272
452
3425
4699
2783
284
4743
26
1196
1245
293
3758
2730
2963
258
114
3614
3231
2147
3684
853
4335
2905
43
531
2483
2018
4753
4622
532
1566
2855
4666
1175
3549
3410
1024
319
2385
4010
4843
2169
220
1865
174
2972
4288
3989
1920
2814
2171
252
2203
3444
4539
3219
2468
4547
1679
1629
1760
1982
3622
2880
1955
4523
1910
2207
1608
4415
4998
3900
1338
3856
3479
3095
2015
121
4678
3751
1923
2669
4355
4203
4301
2729
3038
774
2188
2586
3951
4740
3899
1639
4401
3850
4261
1736
952
3727
4296
2934
4961
4305
2994
4147
1985
2473
1536
3936
235
4056
2316
2743
2554
4126
3731
3842
753
1750
1620
4959
3934
4636
1041
491
1454
1931
4425
2470
4186
2053
3196
1953
2571
2598
3304
56
4679
2240
461
1969
1133
4489
2101
3979
3814
1465
4749
2086
2619
373
4282
4452
1527
2528
2410
84
1160
1515
1053
3279
3109
564
851
1059
3186
2364
3544
4773
3625
2532
3760
2943
1979
3139
121
2824
3654
1782
4104
610
3140
1200
3136
543
381
3492
4824
732
1686
3844
3216
1277
3481
1193
623
798
1124
6
4044
1511
2656
4321
742
2620
659
711
1062
2670
2777
4708
1000
1265
2706
1761
2598
404
3197
1284
2565
4944
2333
4865
1918
4773
1922
1347
1366
123
4221
2320
4893
2217
3419
4699
2622
890
3860
4171
363
2697
4797
1168
3937
176
29
2220
198
1560
4781
2620
1990
2701
3797
2118
4114
3953
2291
2349
3109
4649
823
2898
1380
316
879
3587
506
4158
1782
660
3259
1642
2285
4899
3513
3455
4019
4604
2932
3055
3655
2211
566
3671
4176
1026
3422
1725
1179
4766
4510
1826
3243
440
3418
2566
3503
2720
1973
1991
346
1863
2434
3735
4872
29
3148
4437
4487
3750
1247
3817
4421
1398
4519
4946
4859
1306
15
2586
4477
2667
671
2180
1049
4049
2976
1147
4389
4597
4707
2297
4938
909
4561
801
1971
1575
1704
4550
3079
33
1108
729
2407
1657
2934
2149
3567
1041
3532
3506
4899
1153
521
2156
3257
2671
1825
1866
2164
4629
4913
4128
928
1541
2744
1111
3351
4939
2523
4653
355
2461
4322
1358
1338
3886
1566
3859
4573
2309
4757
1280
4558
218
1168
1228
118
4167
887
1222
638
3362
7
3735
10
405
2970
1996
1046
3421
4606
4109
1965
1049
1659
4502
1454
2756
2047
393
1634
1149
3612
4
3055
4986
3482
3893
3864
2285
2319
1910
497
4100
529
2195
4002
3274
3624
2418
643
2749
2936
4824
4623
1852
2529
2784
747
360
333
4410
3278
2623
3658
4854
1808
1135
3054
2795
1836
2136
4362
4697
4278
4131
743
1351
1926
4327
2613
2063
2060
4200
1036
2034
3020
4312
4302
1597
257
3311
3885
3252
3227
3375
3472
1280
383
1543
368
69
3452
2125
2468
840
2428
1873
1997
3230
3253
3213
4340
556
2184
1817
3515
4053
1116
762
856
3133
3944
2312
1666
144
944
1357
431
2850
3024
180
864
4640
2046
3792
4698
4450
30
860
3229
1081
1914
3607
4932
2967
4683
87
3062
3379
3562
1532
4234
3928
3020
4996
1381
4267
4232
4249
3326
4386
272
4989
4785
2428
135
1583
1048
3191
4967
1678
890
4647
4919
4928
1974
182
3106
2969
3751
2640
3665
374
534
1829
4268
358
2290
2485
1430
1366
4765
846
1391
3054
47
1158
3027
3175
4246
3842
4409
3805
1351
649
2254
1804
4585
224
1543
4954
4862
2385
2752
1493
3511
2364
3121
4677
4608
3225
4587
2980
3085
913
2917
4427
1206
359
3164
1695
3955
31
1012
3512
1650
1621
2796
629
4311
3379
4209
945
1415
733
3846
2313
1327
1697
4857
1075
4926
1810
2544
1960
843
3244
2976
707
153
2847
319
4347
2619
4174
1625
457
4826
4163
2995
123
2233
2501
1901
3132
586
3721
4034
4477
1058
4724
2831
3569
4725
1876
2476
670
1232
526
1037
4451
2700
368
111
627
2136
1826
4526
2431
2730
330
2718
1357
835
4409
4752
1257
2282
4501
2011
1311
1464
2306
2651
4769
3898
1936
1468
1068
3131
242
2560
4617
3904
1669
3350
213
4470
3136
4198
636
3009
230
2638
2993
3197
2191
1269
4196
77
1882
3115
2218
1346
1080
3886
968
1721
4934
1774
3145
2897
642
2170
1011
1736
4776
4029
4274
1305
3821
377
380
2942
3134
2329
4774
3211
4768
1609
4886
3604
4927
1993
3766
2479
4592
1727
45
1272
1769
3477
2871
4068
4722
2271
4864
2993
1530
4004
1857
1473
4540
3010
3127
2259
1363
533
4564
3131
4739
3602
4936
1602
3757
2911
21
3804
4899
4784
3482
4311
3679
2978
16
358
3084
1690
3479
998
3802
1364
1487
4852
2786
14
544
3014
4676
1967
1720
2989
1279
788
2345
4331
1410
3637
1766
1519
183
1874
1658
4145
113
4026
102
4170
808
2938
1944
4890
915
778
1901
3548
2996
3023
1865
4756
3692
4738
3494
4249
3096
3253
1677
3728
3587
4765
183
309
470
884
3647
1402
3911
2103
313
2261
136
4662
500
3925
2351
3021
3139
3126
4315
3434
3858
809
910
3850
2467
3947
3239
2803
3454
411
4750
3097
726
3971
639
4623
1534
354
3975
564
4119
3505
3478
1051
6
2394
328
1641
3390
3993
2024
4337
585
4016
4601
3271
3868
2141
317
2042
2055
3527
4598
2544
4203
3821
4229
3510
672
62
400
3072
2642
1352
4917
1615
4740
234
130
387
1521
3281
2864
3838
1602
3797
3478
4737
1358
2584
3206
4638
570
2135
4929
2017
1647
3270
1431
2452
234
1158
4551
4065
322
2946
3896
4151
862
2369
866
161
4410
24
2350
923
3007
4643
524
1040
2831
3761
3979
3519
3151
1188
134
2290
2075
4117
2588
93
4578
765
1110
