4620 4172 4128
1088
3126
666
1968
3187
461
911
511
2443
767
762
4924
4947
2054
3283
2351
2774
323
1183
2365
3295
1713
3814
2313
4536
2133
4242
2208
3283
736
199
1025
2963
3772
4914
4557
4880
4176
4450
3365
687
2240
111
4135
4341
1479
1069
755
2027
2391
129
4038
1618
459
1575
436
3484
3887
4494
1187
4581
4123
4098
4814
3847
4689
4338
3608
2992
976
1607
2822
3086
1461
3329
4902
4862
1384
4236
1436
2406
3399
3882
1287
3119
2007
3802
2965
3426
3126
3280
1328
920
994
2289
257
597
3887
2324
4388
3676
175
3122
1234
4221
4833
3567
3313
3656
1544
3953
3045
4337
1406
2396
1423
3433
2961
3693
2328
3650
676
3652
1216
2668
3905
1621
3553
2007
1178
3856
2169
2716
3764
4205
3008
84
3905
2790
1485
3594
2634
4865
1335
3149
18
881
1281
660
473
486
460
1527
1940
436
3394
1119
2286
3702
3411
381
3410
1540
691
2952
3869
404
758
495
2044
2523
3226
2307
1962
336
4810
3189
2395
2203
1453
220
1011
138
522
1287
2773
4842
2129
3849
2353
422
2953
2852
1471
4973
4089
3819
2320
1203
3367
2110
1535
3678
4492
10
3589
4520
3879
1061
4973
2957
3182
4366
4494
1993
4224
2745
192
312
4137
892
4389
3731
3978
3462
1715
4183
2010
1464
1439
4257
2652
847
1598
794
4275
708
262
1831
1118
2696
4048
3657
2980
4417
2245
4411
4616
2326
335
3128
1475
4020
684
3922
2550
1513
1854
4827
1524
1302
1085
1240
2894
1730
3978
1999
1829
2571
2879
242
3038
4467
3433
3106
980
3870
3528
3755
1807
2047
1605
1746
2862
1167
1784
4787
874
1213
3136
3948
2055
2595
600
1205
2242
983
3181
768
4467
3767
1798
4617
1270
545
4241
958
4370
2578
2341
4013
2115
1514
310
4689
2293
2732
115
1767
825
2642
4895
2668
2689
3790
4421
4300
3326
1618
3441
3997
1290
2199
590
109
838
3989
2934
4567
3388
1397
1929
3079
477
540
1081
1268
600
163
3338
2662
3266
2774
4774
4239
4541
3954
1419
2457
4745
4950
3085
2455
2462
928
4424
1133
3670
4758
3199
851
1337
3676
1455
912
2952
4931
4927
3947
2227
1161
784
4263
3916
2429
3231
4350
818
226
1987
113
4477
4361
754
3295
3081
3962
4473
3954
3640
3489
176
4499
701
3428
759
4839
143
3541
148
4922
916
203
2711
3005
3215
911
2355
2514
1987
3396
4968
1023
1338
36
4419
205
2196
212
4104
3643
3852
1726
1726
3883
3807
2069
820
695
3746
3553
361
2736
4557
888
3841
4676
2179
3709
3803
3684
2715
2811
2643
1722
3489
4588
2060
4736
2459
4900
248
231
3519
4345
4447
355
1064
4915
3705
4933
669
3937
3406
2299
4913
4143
3543
3065
4385
2822
2346
3427
3761
4348
710
2570
686
474
687
3281
2730
109
2292
4699
1542
4074
3387
3475
3773
259
1576
708
2744
3146
2965
890
1844
3808
3142
3606
590
4542
651
1770
3855
4791
770
4628
2601
1321
3041
1083
4348
2349
358
4778
289
381
4131
3426
1081
1130
1827
2199
3337
1938
339
4767
4504
1404
3235
4796
74
3593
4556
1108
593
1508
4948
4260
1534
1847
1855
1323
1750
508
2413
4105
4052
4459
2331
1894
4304
255
2118
3318
1632
691
4935
900
1063
2478
1312
1798
913
15
1056
3555
4158
506
401
4993
2194
1443
4697
4486
2005
1794
2529
2966
1594
3519
780
2558
537
486
991
533
4892
3444
3881
3304
3912
3676
2369
1455
126
2515
2312
4646
1350
1615
3136
20
239
2349
1952
2320
2871
1217
3128
436
2717
2900
36
3563
4652
1984
2769
77
2341
895
3995
2560
1014
1142
3617
2277
4715
30
1803
1178
1579
3062
4911
797
1535
371
371
357
2940
35
2547
453
3985
4291
4576
834
1264
843
626
1925
902
419
2891
3110
955
834
1907
2819
2164
2044
4275
1614
3622
4815
1183
2235
3776
1539
4713
1291
3028
1160
4819
3873
3360
2263
2655
343
1002
2501
65
2203
1059
1963
1243
3985
4042
4322
1744
4083
9
3118
2925
1084
3582
3562
2178
1035
753
4021
572
1251
2367
3338
2982
2720
2142
4141
129
2613
3803
2925
1051
2615
1127
3411
3438
2375
3614
3229
308
3954
2802
2252
1272
2494
3017
4559
3114
1007
1703
3274
898
554
2127
4198
1223
1799
3489
4635
1276
1875
33
2922
3641
1747
4623
2923
1477
3911
3484
821
928
4097
3639
2185
2535
2424
3687
3263
3450
2096
453
2118
4325
4936
4412
4388
2515
614
2238
1815
2602
1302
4205
3924
3505
259
3180
3746
1795
2836
584
3352
189
2044
196
2463
981
3365
3092
4052
1743
236
3861
120
3129
429
3934
1609
2696
1420
2936
3999
162
4075
3374
2827
3228
230
1056
1379
168
2921
2126
2531
923
4818
524
4587
492
1151
2139
3687
1002
2573
3501
2282
1608
2003
1249
704
1642
954
1647
2134
2099
3255
3226
4427
1832
4886
2024
3610
4947
2257
301
3861
3094
2300
1687
4969
1497
4309
4471
2329
2319
2556
2352
4994
696
2652
4692
4748
1594
673
3192
4467
1652
3877
4570
1593
4664
1391
61
4290
60
4006
1683
2926
2228
742
947
1413
644
3757
2263
382
2886
3808
1407
1056
1632
3859
16
471
3488
4605
2938
1534
4527
841
2797
2662
3137
1434
2985
4138
4258
2174
3692
1940
811
4861
4511
4289
4860
537
3774
3093
3719
4530
4646
3629
3622
4022
2041
1909
2589
4013
1677
4122
1722
2939
988
2126
4591
2735
4519
1667
4011
3476
480
1649
4372
2150
3401
3574
3733
3458
2027
3723
3729
1625
2729
3117
1436
1105
2963
1229
1192
1255
3510
1402
3118
4211
1811
4922
4805
558
1174
2528
3303
499
2769
4196
4873
1601
2828
128
2884
811
4717
2707
3456
2611
3319
450
988
2552
920
2967
4381
4055
695
4097
3673
3299
1328
2503
3491
4381
1866
4795
1505
3675
1579
1064
4557
3167
4022
1480
4177
2447
314
1234
1863
2932
2564
4735
3470
2022
4625
3819
3436
1290
2391
3626
2124
1154
2738
273
1076
4201
2845
38
488
2291
1815
1620
1837
1279
4181
4564
262
721
784
1990
3919
1710
4866
4428
2366
958
403
4465
3744
4430
2939
2410
4589
3563
4850
1324
1242
484
3291
4112
857
3322
4476
3089
1681
2627
4577
4720
1205
398
2580
3428
2195
1300
4396
1617
4893
2367
967
2047
1797
1629
4691
3370
2278
3319
366
1427
2970
4966
2723
3562
1871
3167
1011
1651
4700
3137
4229
175
494
2137
2569
581
4254
1161
2732
3911
746
4254
880
3173
709
4999
3417
540
4596
1270
1872
2440
4864
4956
2617
2948
1943
4311
3847
2319
764
1379
4255
50
1467
2888
175
3589
2517
4320
40
2440
349
837
3148
457
2439
4166
3646
1880
4406
4203
3695
3079
447
2710
2193
3143
2065
465
1012
3760
774
2694
1637
4523
695
712
4451
4193
1118
2223
632
1370
2829
1734
2191
1981
1130
312
1041
623
4560
4785
3248
4804
3596
3877
2153
956
312
284
1552
1284
2760
12
241
400
2239
3567
1173
4753
2981
1585
3204
3613
3200
726
1029
461
2359
110
1376
566
946
2731
440
4011
3271
3566
825
1129
3360
3302
1846
4697
2538
273
4058
1086
834
3407
3273
4289
3667
1166
771
1085
3138
4083
3159
2603
3274
3212
932
1349
2437
1296
3976
1842
74
3930
3710
2322
4204
2251
2716
3377
2049
2834
4299
4391
2828
3079
3245
595
3477
3916
1824
1122
3224
1912
1903
4656
1145
2291
1114
2711
4724
231
839
4081
3710
1701
1129
2558
1143
577
725
2064
3055
1404
4313
3609
4294
2299
1906
1459
2649
4204
2185
4389
3967
4075
374
755
3971
1117
2884
3595
1442
3451
3787
1098
1028
2886
3922
1578
3344
2691
1883
4546
4578
3823
351
3048
4896
571
3895
1144
2235
2114
72
4318
4561
3224
571
2576
4598
2339
3609
2169
2541
4958
2106
2723
4346
3481
1618
814
301
3655
4917
451
3912
2505
2894
203
497
3795
2488
3894
2494
957
1138
1666
4095
1925
2756
2248
1296
4773
2651
975
2194
944
1432
1287
4020
350
3924
791
1627
4627
2066
2048
1635
3906
4551
2646
3209
100
259
611
4003
373
4983
728
3580
435
130
523
4059
4370
3765
4779
4486
1318
4479
1455
3994
4230
4831
1269
193
1120
2811
3119
1720
2377
3170
4454
4884
3878
2016
1755
4920
1966
2694
2707
1449
3679
2902
2555
244
3522
565
2547
3864
3882
1261
2416
1888
2610
2221
2562
3467
877
3365
182
4657
1149
4066
2542
2779
1280
422
110
4828
3494
2640
4410
1468
4993
4083
4703
4580
2816
730
4074
4836
63
2040
4924
3119
1560
2032
501
897
3723
246
2560
1811
1912
4140
2437
1813
617
4457
3862
3489
2566
1793
4850
2633
450
2251
516
3001
195
3920
907
1839
1253
4039
3182
2779
3067
1632
3363
2904
4365
1845
1256
1553
2683
4007
4738
3108
2006
2301
4492
2846
1830
4487
3814
1011
2964
530
1855
4058
576
822
1644
2005
3739
1097
4224
1370
4515
3167
600
3626
1105
3563
1945
706
2509
3523
2644
3978
4310
3737
4684
559
4414
1
1902
1264
2281
4780
4386
46
1130
4288
504
2941
3116
1629
897
4912
816
337
152
1898
450
361
967
1442
3435
4271
75
4523
1805
4754
3576
2025
4135
688
4132
4020
1603
365
774
423
2980
2652
2496
3802
1444
4649
803
2977
4985
3201
457
312
3588
3914
1854
4686
4443
856
4367
3560
2766
4276
917
3764
4638
899
3621
2796
1608
3816
4802
3896
4903
4154
4612
4190
1062
2588
421
843
3219
3225
2583
2855
1899
3532
1690
404
258
3941
3337
673
4801
4097
3195
2795
3033
4961
3145
193
1445
301
2349
246
910
4502
1786
713
703
3409
3796
4919
522
4105
2102
4963
4286
1001
4136
1382
2961
1707
3173
1447
2908
4345
1590
2323
1735
2657
1632
4299
3598
1057
3022
1002
1836
582
2457
3087
4506
361
4368
2449
3848
3472
3666
916
565
788
2088
4960
230
2495
1936
3836
1501
4947
3734
1539
1399
1556
46
4610
2551
4822
3939
41
4400
3738
433
94
2350
1576
3805
2292
3450
4894
4332
388
1967
3434
963
354
4407
1707
4444
435
2624
261
1831
1615
2520
767
562
4132
2686
3021
4200
3681
1250
465
3172
381
4016
252
1343
2557
4109
2156
185
1058
103
3802
1265
2137
1607
4929
2158
4404
3359
3653
1977
3038
3366
3156
3753
2799
4876
4260
2491
4356
2105
989
2426
1746
1009
1326
4276
1428
3384
2169
2916
3967
818
2291
2435
3309
4507
2156
3493
4893
3519
321
979
4276
3245
1404
3413
69
3116
2097
4339
3188
3725
2896
1427
1397
2056
4018
4908
4770
283
3784
1407
2040
4080
930
3551
3302
1581
2278
340
3680
488
4216
2960
2141
3104
81
2896
4439
1854
4668
2283
432
2109
1801
2980
4735
699
369
4207
1491
3110
448
3599
3699
1440
1670
3447
1556
2275
4901
3425
2986
367
3632
1296
565
3017
2814
4964
1775
3101
4958
2606
547
940
4680
4248
3140
2268
4160
4077
519
523
4525
4260
4263
2682
2320
3808
1289
3629
977
4689
1317
2594
4857
3806
4735
4326
4826
3986
3355
4202
4282
1548
972
1559
830
2993
4329
4478
3535
1877
1395
1919
2632
446
3387
3865
3753
3472
3655
2868
1348
3792
1545
1949
4231
3214
3671
103
541
3287
3728
1538
3557
2581
2394
4130
2955
4439
3535
3709
1883
1188
1520
4872
3977
1523
3344
463
3073
656
3200
729
3642
1393
4036
432
1538
829
2619
2741
484
1284
3913
2082
4267
2127
102
1198
3463
2400
857
255
1395
3201
3313
2294
1387
3576
2993
4457
4986
2161
2920
3938
4937
4165
4320
3869
3829
4790
4375
1081
4992
1208
4940
602
2317
138
1563
4197
4148
1261
935
4509
2545
4454
3058
1674
950
2200
585
48
2096
1151
3786
1096
4438
4342
154
4333
3630
1947
1305
1614
1403
436
1168
3569
2784
3108
411
1516
3366
1588
1377
1931
3370
1420
4611
2944
368
3332
4584
2716
1329
3452
2282
3566
1666
3977
4399
2553
720
3601
3213
2837
3537
3447
532
2186
4993
3801
4260
3960
4882
311
457
391
1292
1479
1344
3845
4282
825
2995
1443
1431
1864
4920
4022
3278
730
689
1528
716
97
2509
3868
3909
3108
2105
161
1221
4074
1367
1055
784
1567
2567
4181
4702
1381
3614
404
1756
4669
3575
3963
2895
2616
226
1573
4401
3283
1828
4409
1859
395
1515
988
2112
225
1027
3062
4224
1891
1582
2430
788
3570
1060
2596
3058
158
4
3036
4408
2365
3374
187
1140
1148
589
2514
1306
258
3666
4650
3094
3090
24
1996
1482
1595
3035
1967
377
103
4386
470
969
4814
2608
2711
3579
2443
2551
4302
1420
2494
4241
53
4962
1691
3511
108
1368
3526
1990
1005
2395
2042
293
4560
4025
2611
3365
2807
473
2300
1510
1640
2686
4131
2741
1146
4035
2502
4075
4374
4062
2392
2428
3971
293
4311
2178
808
15
2766
4899
2479
554
2399
2742
693
3408
3616
2583
1885
175
42
3476
3300
637
3219
670
68
4558
3987
2710
3506
2514
64
777
898
3315
1419
2027
3122
835
103
3220
2144
3783
2572
1363
1255
292
1373
3589
3969
1616
3673
1970
4334
2446
1783
3278
2377
324
3922
1644
2345
2765
3512
810
2953
572
142
1162
3327
2946
3832
3030
470
4629
30
1151
2915
3691
228
3194
2492
376
3155
327
271
127
2171
4296
4659
4610
1400
2924
730
1123
1867
4451
4009
4201
2214
3223
1910
2225
2860
4656
1732
1963
4509
2097
404
4240
4725
1766
1605
2322
3078
2633
2325
1205
4227
82
1787
3642
1743
643
1609
2650
4553
758
3387
2062
3934
3812
3772
1072
3470
3434
1770
1932
3223
1016
4427
3429
3913
962
925
2641
4920
2014
4038
4276
2135
2309
4632
20
203
2028
4479
4304
523
4390
4801
3105
4692
3331
1824
512
4086
299
3590
4072
2139
4772
4691
2275
3653
591
3042
297
3561
402
3381
2075
3674
4638
1643
4261
4446
506
454
2036
2197
3493
1755
823
2491
4209
4075
1729
4847
1769
1728
2781
159
1271
3349
1496
3630
1681
1605
4666
2954
3784
2249
468
2837
1318
4135
1348
2195
372
2865
934
4780
1505
1306
1540
1143
4895
845
2653
3050
633
24
850
2111
1921
487
2867
2104
1462
1087
3488
2340
1306
3332
2244
1346
1270
3699
3401
859
716
3247
3272
1441
2168
29
2943
191
1452
175
3010
3561
3103
4670
3308
1818
1743
471
2141
2303
1008
2662
47
4396
3359
4974
3185
3102
4358
2500
4509
95
4160
3748
4183
3201
984
2973
2148
1263
3400
4886
3356
3444
4590
3008
94
4365
1859
3963
3622
2813
3016
2135
1622
1617
1213
4319
218
4381
4455
544
1792
3488
3759
4553
523
3108
668
3454
101
2168
2050
2028
1753
2727
361
2440
1571
1076
3617
848
4119
1039
3769
4469
2610
342
3329
1448
4937
202
1520
3333
3246
2325
588
3324
1164
513
4306
3379
1696
4632
1063
2128
2046
2833
3760
1159
1205
2021
1148
4095
2101
2330
2701
4565
2722
4368
3030
4519
1359
1144
820
1550
2117
4289
430
820
3835
281
2770
1701
4766
3698
163
4160
661
58
4141
183
4712
866
212
919
427
3594
100
1084
132
187
1687
1530
4664
424
2381
3309
1214
2149
4956
1251
4913
978
2429
2670
1148
343
3674
2465
784
4443
3438
2374
349
808
1714
4623
1909
3268
3101
740
1244
1389
3803
646
2544
1004
2905
1878
743
2111
2562
794
2479
1796
4067
4997
4246
244
907
908
1424
3484
2882
3729
841
4195
3104
4696
4066
186
3901
2925
2462
1777
1605
4834
4326
3774
2133
3129
1165
42
4030
1448
799
1405
3959
508
3502
138
2891
4101
938
4283
1457
4272
3214
3584
224
2249
4262
1028
2484
3929
452
2221
3055
3880
2970
4386
260
4566
1795
4880
3290
3864
3371
2740
4345
1012
320
1542
2447
326
301
2390
2881
1800
4198
4733
4950
171
90
4001
2635
3644
4455
945
155
2981
964
4572
724
2619
4761
3935
1470
3418
665
3944
228
3659
2139
4664
1768
900
1962
4088
1335
4461
3077
2453
2675
2491
984
3099
4589
3363
2086
1754
864
4150
3477
2501
1051
3859
4800
192
4289
2844
1135
4044
2385
133
131
3323
769
1373
3653
4234
1923
3584
1759
3039
3214
3112
2396
2898
4551
2419
2359
3297
3600
3417
3028
1527
2158
2416
500
2337
2118
2873
2647
1950
966
4569
3078
3604
1312
3213
3879
2976
2816
2864
3111
729
730
2219
1984
3540
445
4150
4164
880
4015
4007
2861
2323
380
2062
4993
4147
2253
4661
2096
1540
4098
1276
1764
4943
2612
3873
1002
119
661
1999
3536
3295
229
4925
4374
1128
3424
197
2795
4971
2476
1707
3368
4333
1329
3876
2456
4351
2762
2966
3150
4382
565
3121
1353
2360
1034
4235
4957
2899
1750
4251
838
1956
3067
440
1334
2757
4618
1858
473
2842
871
4448
2932
1998
2085
2400
2279
120
2926
2277
3287
2122
3099
1828
1931
3623
4375
2460
3664
3373
4406
572
1064
604
1058
317
2534
3230
1880
4820
3775
3990
2079
1470
3389
4315
3001
3346
393
1930
2005
1972
2420
1872
2254
2158
2866
381
1241
4837
813
650
2420
2580
3392
400
4262
1176
4838
4988
2345
4745
3098
4613
2502
1494
2912
1285
232
4289
3209
3048
3697
1948
1256
3843
1303
1414
4880
2377
3610
4172
1560
1351
2604
1172
4442
2600
1858
2506
12
2560
3543
1364
1864
2564
2879
938
2931
1443
4761
2752
4326
3219
3300
2644
901
3958
4259
1367
4874
1758
1336
438
1199
1892
2336
421
783
1325
3046
1337
3028
1851
840
11
3678
2647
1632
4922
3635
2375
2646
2927
1725
4979
546
1536
3935
1649
1843
1534
3594
2358
2756
2541
2063
4153
4381
2156
86
629
2759
2551
576
2345
2749
3020
2076
2152
4965
3877
2456
2186
3540
2592
2397
3174
4144
644
3409
2399
1448
3776
367
3822
2604
1016
1416
2935
1020
3473
661
2181
1003
2429
2902
4598
1625
2685
2953
810
2390
1886
4282
2655
4363
4686
3876
1248
4766
4101
656
1340
2005
759
1280
3030
2468
4206
2914
4327
721
4316
3329
182
4893
49
2544
139
2628
1738
3697
2888
4683
4244
1820
2525
4554
2276
3581
3867
1594
819
1683
1710
1305
2994
1008
71
570
4030
1763
3866
2535
381
4561
4370
4600
1749
3756
973
1385
4138
4413
4699
1357
2416
4761
549
4000
1874
2750
1999
40
3878
1665
4754
499
2447
2473
2421
2959
3008
4642
3325
453
1481
2991
404
528
3983
2590
2706
4154
4355
593
3883
1304
562
1124
2943
1521
896
2167
3956
280
2159
4330
4549
4351
743
3827
1925
4283
1105
4722
1629
1843
3925
2678
3103
4515
4638
1210
4258
3979
2726
842
1511
2258
1490
2239
2457
3180
2830
4651
3580
4074
1825
1768
4524
2788
4828
1980
1677
2508
1693
2062
3915
2255
3171
3575
636
3492
2117
1982
2959
3159
1449
2598
4912
4362
610
39
441
4961
32
559
3181
1594
614
200
4890
4479
4880
4387
2749
3013
4166
3584
4866
1088
3892
3189
3458
1796
177
3709
339
494
3980
3404
1387
1140
197
1126
4361
847
1591
3294
3340
1343
1609
691
2744
2512
2333
1750
1076
1923
1145
2732
3596
2159
2445
4859
594
2904
1245
882
4019
1950
3108
2093
3116
1165
4357
4331
4592
1546
75
52
3655
3668
3446
2019
77
1364
1942
4297
3756
141
706
4086
1968
4200
3382
1450
1953
2098
4240
4590
4330
2621
132
1651
1096
4300
2031
4391
204
914
4249
125
2038
3385
2647
4923
2422
2751
3665
2323
3632
1184
360
398
2477
1586
2508
596
2269
2826
4984
2556
462
2873
3874
184
710
1099
1107
1053
731
182
3763
4643
1515
514
489
713
3085
2416
1739
641
2881
2092
2443
565
4993
1294
1470
2090
4481
1121
4549
2867
133
4422
695
1614
1466
2296
66
2579
4080
301
3483
1840
3099
1004
883
398
3092
844
3828
2583
2835
1869
761
3582
4094
2096
3428
3610
3054
4833
620
1275
3111
2604
3516
2420
684
2666
4258
1720
2082
1213
3634
507
3586
4048
3458
4859
1658
93
1065
2510
4405
554
1627
1340
2939
3876
3853
409
644
764
3095
1192
665
66
3310
78
2118
4141
4023
2216
2272
372
1957
3030
2356
4316
681
3075
2886
1027
4652
624
1728
148
3694
1044
23
2759
1742
3146
3909
1404
4435
3067
709
1975
2394
2889
2996
3821
3305
391
3239
2731
873
3426
633
395
2647
3873
1833
683
1540
1593
986
1160
4889
4506
1876
49
2538
909
2986
4124
1247
130
1209
633
4920
1683
2127
2394
1085
4521
2115
30
4628
3407
2407
4935
2928
552
268
2924
3047
2912
3053
992
3957
1391
1621
2670
1187
867
1999
4328
2683
4359
4233
3167
4686
1780
4393
3148
99
1299
1689
2837
2231
3472
3172
4544
626
2689
4078
352
3453
1082
3376
496
2859
2038
651
4418
2995
182
2379
837
866
89
352
2768
2619
86
3137
1886
1981
2690
201
4911
4335
2002
4600
499
565
4988
4321
1095
1691
2427
3394
3207
900
1123
3237
2682
1953
3377
1032
2497
2877
2885
1289
2693
1114
3879
1788
1103
829
4072
4399
3456
3208
3609
3054
3591
4917
1668
649
292
186
2618
1822
3080
1122
101
4896
4144
1393
16
1151
2887
3581
3872
3998
159
2553
1203
4537
4294
4668
4565
4652
4246
616
3430
709
2997
2248
356
2375
2836
4729
3567
1090
2330
3262
4816
2041
913
234
576
1534
2001
4975
1109
2664
4881
2551
1838
1753
4066
2088
4342
1057
3741
2084
4975
1825
4454
937
2248
2202
3327
3056
862
56
2217
2284
4815
61
2820
4209
2220
2356
1305
2396
1919
251
707
4646
3949
3499
4441
1048
4612
44
4694
3325
3593
2285
2434
3913
121
1760
767
3582
3411
814
3159
3313
1846
2137
4793
1616
1903
4575
1273
4074
4556
3536
26
4632
2888
3533
4817
32
86
2311
4679
791
1988
4853
3517
2065
3557
3002
3691
2900
1114
494
881
1596
4073
1557
3792
4904
1597
2812
707
2109
3768
133
3617
1786
1538
4986
4686
3533
4864
1881
2918
2749
4439
1083
4771
3399
4111
3888
2106
1440
876
4274
2515
2830
4178
4844
3882
3045
99
1476
4829
1072
128
48
4431
1791
3385
2232
2483
4352
3109
3840
2866
789
863
3758
3056
4026
365
1722
2334
523
4074
2441
4480
4977
1848
4333
4990
4911
28
1642
4961
1920
2897
2734
3093
267
2048
813
3067
2886
1806
2796
3993
798
860
4932
1692
4592
520
1058
3904
485
3888
1985
3203
1710
732
2076
1546
3475
4781
4007
1440
2389
2643
1439
3535
3124
393
973
3113
3820
2789
1023
1980
4157
2627
114
2030
480
1852
255
2845
1470
4953
1752
2873
659
3218
378
1565
2624
4234
1434
638
2855
2480
2275
1701
4153
3605
1338
2290
2828
1105
4955
2287
1932
726
4725
1918
4595
2695
3453
2446
3582
4680
203
437
3628
3760
49
1030
1985
4934
1717
4864
4608
1037
4165
287
3527
3124
1569
1150
1138
1039
2920
479
663
1047
4809
4830
681
192
3934
4781
3283
3888
3804
2639
4035
4595
1892
1665
668
4102
728
3432
2870
4174
3348
1474
3068
657
484
3299
190
1298
2328
1357
236
625
4164
1069
2466
2011
430
4423
2946
2780
70
2079
4820
3119
4440
4931
2622
3351
1266
1179
4285
757
2693
4766
420
1953
1924
4920
1081
1559
3986
4240
4624
543
474
3031
2307
4139
2425
4497
3053
2680
4534
3230
2778
732
2462
952
4747
4306
1314
3469
3364
614
3146
1563
3681
3049
765
2114
2640
805
1665
4597
3165
1780
4033
1744
620
2198
2318
2367
2649
2793
782
802
18
181
4649
1890
4536
3063
3230
2800
1132
4062
2730
444
3013
278
2534
1960
1621
1624
4334
1887
281
1689
2021
2535
1797
2156
3379
1210
2868
4520
149
2683
322
3425
2822
1653
788
4806
2786
595
1741
2491
61
2132
4839
4649
2043
3868
4190
2363
1403
45
997
2747
1444
2741
510
4075
3904
1027
2499
1564
774
1275
2425
628
4558
113
4314
3174
2445
446
902
976
1617
1802
3205
4341
1039
180
4632
4224
227
3402
3039
234
4969
3903
3731
1265
4317
823
2832
737
4110
1531
1535
2846
2148
849
2312
1378
313
3644
2908
902
3226
1257
3947
4799
1818
4405
3596
2677
1155
4084
2686
821
817
3219
1228
508
1210
2647
3254
1647
1140
1900
3087
3319
3570
1334
4773
2303
71
1188
3560
3733
2478
291
3730
1003
949
476
1956
414
2522
1782
2735
966
3018
1394
3073
1611
255
3984
1239
3033
1836
3647
4906
2835
1783
4060
2056
4406
3933
3904
344
4563
2091
3524
1776
4609
437
2332
3764
791
1010
989
4219
4268
1314
4241
3572
4555
113
3825
4875
2492
4524
3589
411
3800
3037
1630
4966
2264
3417
4093
4070
3591
3968
1950
632
4076
4660
696
474
1356
706
1740
4119
4416
3610
4612
4455
4822
4030
1618
3829
59
4787
3155
2704
1188
4133
3266
923
1482
2505
1124
2528
680
3288
4068
1450
2045
2703
2410
2882
3429
610
2806
2594
4893
2929
499
2865
3882
4456
3047
1107
4467
1065
813
880
494
188
2201
2466
4942
3479
1604
206
3812
443
2054
1631
1452
4433
15
85
2189
3740
1128
1405
3381
2635
4772
3414
4843
792
67
2548
3430
1284
976
3355
807
4522
4479
1984
3046
2323
4195
1765
4357
409
3461
3578
4670
1829
1962
905
4586
2589
3451
3293
84
3715
687
4815
4319
3684
196
4043
4863
4068
318
4380
2548
1593
1345
4868
18
1580
2313
738
850
25
4368
2250
999
2673
1400
1475
757
4236
1912
3622
2105
592
3997
1853
1735
2152
2974
4069
4646
4325
3212
1637
2064
1639
4603
2971
1385
1369
4458
3409
82
596
3133
488
3277
4939
121
1149
1338
3517
3694
1396
784
1315
456
2650
1919
2428
314
2377
43
4523
85
1006
3896
295
4850
514
3094
1384
4588
1972
2989
200
788
503
1429
90
3008
3869
757
3894
489
1611
2172
3176
800
2913
1810
2743
1011
1076
151
1092
3418
2954
1462
4103
1723
2140
2293
3180
2194
4663
1327
2031
87
1791
3592
16
155
4696
4899
2224
4066
3485
2731
542
194
2978
4042
3936
488
840
3510
4562
4370
1225
1628
774
1939
905
315
3728
3367
2137
3668
2619
2320
2847
120
348
4050
1322
3939
1217
1601
1566
3825
4969
2050
3922
4484
3521
335
1418
3155
3905
4764
3377
1144
3202
3904
3465
2229
3439
3566
74
3793
252
2618
80
4473
4124
2397
2873
4117
1609
1566
924
1997
1441
3036
402
1175
3370
706
1153
113
4507
4381
2872
1042
4717
2602
3137
1610
4319
4601
3735
538
2271
2369
495
802
