4234 4363 4986
1349
893
2719
3399
1223
4169
3472
4122
4097
3836
2869
4277
3826
1989
1078
1917
4166
3632
107
3472
2728
2626
3901
2177
2686
2033
227
3234
2510
3816
3474
900
4255
346
4827
2569
3878
2183
2070
3721
3842
1217
4298
738
937
2037
216
4289
4562
2968
595
4542
2317
3511
232
3983
2870
1172
3693
1611
1659
2657
4913
1140
2489
2521
1572
3050
1218
4355
1235
4436
518
874
1199
1273
1553
4009
3148
3016
186
156
3001
4704
4184
4870
910
566
900
4058
1385
1951
4716
4655
4314
3567
2042
2978
2653
2327
822
1246
3059
809
2139
1180
4370
131
4243
3634
3166
3091
305
4097
4395
3680
2760
4012
717
1986
3632
528
1720
2964
1136
1574
3147
395
3964
481
3503
1628
3947
1344
2841
3101
4523
2898
4898
2524
3845
2658
4932
4434
4635
310
1466
4511
749
4846
4876
1119
1775
3329
3156
2280
3198
2202
4334
3656
861
4681
1345
4620
2658
2521
437
4294
1734
177
4898
406
432
2618
4655
1787
4288
627
4806
1425
253
763
1274
1051
4921
2936
568
2982
1054
507
3957
949
2559
2936
4816
808
275
3981
4249
2288
1274
2189
2508
951
3665
3881
2260
3263
501
4580
3288
3682
1888
620
328
2666
2281
2867
2206
7
1091
2185
2
4772
3904
290
2306
2494
638
3583
654
3807
3147
354
992
3502
4966
420
2340
1612
896
3317
4220
4258
4513
4880
2904
2787
2333
390
1786
3008
3297
2992
2514
2765
2200
4446
1021
585
1382
2918
2972
1895
4746
3119
849
3105
4572
3343
4224
2494
3025
50
2777
2588
4436
2289
4196
838
3532
925
1273
1998
1259
1472
2795
671
3584
3718
4815
902
3051
4277
554
823
3169
309
3541
1610
4400
2952
3048
2680
3882
912
3929
2344
4333
4998
3996
1567
2780
899
2134
2503
4658
757
2800
2060
3148
26
1008
565
216
1042
83
4236
355
4886
4730
3893
1390
3875
1068
1279
3675
2389
283
2347
4294
3928
1452
3997
3831
301
1384
1669
2481
4896
357
1075
3270
225
4773
1602
828
4447
2644
1710
3044
4890
2667
3152
2821
2513
3108
4041
4677
4111
1076
2047
4595
4717
3327
594
4199
4525
4788
652
4426
2729
2444
4151
1154
356
1241
4768
200
913
269
4757
1364
3878
674
3049
50
3288
4003
3395
4304
2637
1150
1181
1378
29
3787
4519
637
3961
3847
811
3059
2162
4263
4115
3
2819
1863
3525
4203
2539
15
3769
780
1286
1777
4283
3383
4660
1397
117
2652
4187
2090
4378
2447
705
1074
4260
4362
721
1413
4229
3955
2646
4519
4119
2234
981
1867
4819
3086
978
3116
1358
907
970
2041
1133
2369
603
1640
26
2202
2502
804
1592
2616
1355
3099
146
2939
4792
2649
1112
2617
3773
519
1373
3718
1158
1928
2329
3615
2249
1002
1409
89
3824
208
363
3819
1744
4602
3109
241
3595
3834
1151
4176
774
2624
3008
1759
3133
3124
4079
752
4870
1552
3836
3733
4036
167
760
4085
4196
3437
1018
2567
1012
1090
1939
4774
1061
3835
230
1852
109
2886
1112
820
2434
4729
95
1329
4027
385
2175
3591
3799
1441
938
49
2699
300
2053
1703
3509
4216
1004
4869
2790
4642
22
327
4908
893
3789
902
804
4062
77
3863
4007
4256
1260
751
3430
1778
2189
3636
4493
810
2288
143
1677
1518
2138
4713
2268
2369
3189
2373
4633
357
819
1824
928
3725
1704
305
4914
3442
1074
81
3234
2682
1920
1744
4613
1502
4620
3622
207
4947
300
3104
2263
4771
1591
3391
2250
3547
4269
3272
3673
2835
349
4734
111
809
1848
4200
1682
3402
2056
232
4613
2875
2505
4978
756
186
1092
1104
2383
1511
3793
2075
1309
3997
3371
1557
1180
2858
4774
4934
1567
829
1164
1996
4413
1570
4575
2204
3290
918
1657
1038
588
1134
514
2401
1865
284
2426
1448
121
2223
740
4579
2468
3857
2353
4581
488
666
2912
3818
1774
407
489
1293
1796
1422
2579
4266
3045
288
722
2675
3886
4553
1516
463
110
2421
4768
1772
3692
684
2679
1123
3740
1955
3173
1337
3942
945
73
2466
1065
4850
2485
1448
1720
1203
2554
4137
2588
1347
2733
489
2485
1031
3473
2802
755
2968
360
1269
3159
223
1522
601
3959
4272
332
4558
4103
816
4215
4324
296
70
2633
62
4126
101
2618
4671
3819
224
1409
3944
3398
2870
1990
834
791
644
2975
4448
3829
2807
4824
3150
205
3999
3483
2347
3903
4868
2298
1033
639
2200
1099
3871
3479
243
3517
175
3110
540
1508
4514
2312
584
954
2101
4081
1554
3763
165
916
3168
782
3697
1613
3519
4165
4824
154
4664
3731
3772
2094
2223
2945
3133
141
3320
649
2068
2971
3331
2084
4187
4576
2124
3310
2259
2124
1524
2586
4571
2693
1643
3314
2301
3579
2275
3496
1168
4294
3689
4976
1060
4501
1203
1093
854
2201
1864
2882
1418
3557
1778
3035
536
1657
1533
3232
2704
4243
2659
1724
4822
2202
4205
4040
4580
2023
1314
2581
4716
924
3319
2424
3710
1644
2801
1622
990
467
3809
4235
4802
2195
4141
812
4895
314
2372
927
1500
2266
3194
2855
3987
2055
1845
3836
3190
271
1518
925
1665
3621
2946
3055
930
3295
4221
1554
2612
2929
1484
4876
1305
3968
1320
3342
1020
4775
3518
761
4850
2104
1607
1568
3951
4894
3173
1628
571
2483
4356
130
1668
524
3615
1305
780
607
964
2443
2970
1822
515
1865
2672
3624
1651
456
1193
1319
4926
1192
4816
2123
1718
4936
3928
1812
399
1454
1447
1772
4567
1359
1835
2155
3617
2374
1832
2371
3744
4411
4036
4198
1658
2667
2831
3853
513
2357
4885
4854
1879
2242
4362
234
511
3619
1234
4721
3582
864
1680
414
1929
70
2967
4564
4784
1990
3925
204
2000
2976
1107
336
4503
3939
3514
515
4526
3837
1310
1462
153
970
2442
606
2378
2126
3007
2941
3245
4983
2455
3887
3775
341
3664
3371
652
420
1151
4196
2846
1077
1995
1068
2093
1598
2451
2375
3444
3945
201
1882
909
3647
952
1015
3722
398
3838
1132
3309
3396
742
4677
4785
797
2351
3490
3045
4759
677
3416
1348
510
1590
4268
2989
402
3023
1334
1233
1257
2149
1694
4058
2853
1938
534
1528
3589
4772
2214
2951
1557
151
881
3735
3908
2034
1931
621
4150
246
2904
1182
1493
3441
4596
4968
2351
3669
2573
4331
4296
181
634
4257
740
656
2290
4043
725
1360
3888
4853
1298
2645
2549
2749
1254
1103
1601
1485
2297
1088
3072
4071
4532
138
3849
479
2129
3547
169
2276
2650
3639
3058
1817
1822
326
596
2613
3291
1716
2108
2057
1467
1941
4343
190
4806
427
700
864
4031
2244
2740
4365
1359
934
575
1254
867
4597
3078
4163
1053
2617
3556
2407
3071
1210
1153
4011
1376
3773
1566
3017
4446
4044
2196
4991
4108
650
2993
3958
4654
2589
1736
2947
4089
3180
445
4146
3292
2834
867
738
1653
1437
2112
1440
2572
4003
3837
1371
1461
4194
1980
2426
4909
3205
4831
205
2932
4437
2802
2300
2924
2742
1337
4138
4299
3036
3014
2246
1282
544
1421
3756
705
3934
4254
2910
760
4324
199
2548
4158
1609
2331
1842
294
2440
3995
3663
3111
2559
3316
4885
2347
2555
4833
696
3143
3686
1555
3607
1573
1912
4867
2362
4238
7
4404
115
893
2217
3279
959
1025
1892
4906
179
1793
4431
4775
4893
2035
845
4147
2568
2697
3288
3076
2565
881
958
3459
2179
2257
44
4676
4880
885
4386
3640
4858
2132
1874
4481
2706
436
4973
3345
4731
848
3801
2051
2001
694
3765
4945
2166
4639
1556
685
1233
1548
4948
1586
3504
1651
4770
3653
4160
3892
2623
381
627
347
3197
2265
2208
4745
2622
394
806
4463
2725
3000
937
372
3776
3307
1007
3964
266
4174
1505
1633
2704
2118
2275
474
4941
3066
2788
4852
3560
416
4109
2384
2255
3209
46
4725
1204
411
3883
3484
2235
3049
1551
1889
1709
524
973
4641
4879
1775
1660
1767
2691
1068
625
3477
2214
2179
1796
117
2379
4442
2188
3150
815
3996
4200
59
1458
4335
2018
414
4346
900
2416
3994
4902
3434
228
452
4353
4617
3019
911
2766
2478
4974
4782
100
3408
239
4871
2106
1481
1470
2111
4927
744
4957
2223
38
2678
490
379
867
4924
2486
875
457
3498
2465
4246
1885
3060
4480
3475
3303
2707
2803
984
3234
721
3222
4001
314
2376
4630
4372
1695
1358
4668
1046
844
3208
986
1655
4961
3024
3433
2009
4162
3419
3300
300
43
3550
1942
3190
741
184
3388
1483
1123
3353
4673
3439
2767
1208
509
868
2402
4594
2385
4423
3860
729
1651
2770
1111
4905
4851
2119
3308
4594
1546
4457
4415
4283
2050
2323
500
3827
1577
1724
4980
2653
913
2618
1883
561
4566
4828
2192
3012
216
4023
1109
3342
918
3912
2334
1298
1531
59
3026
375
436
4047
3019
3806
5000
4436
1425
4030
3450
4681
4165
196
3485
3053
1614
2100
1560
3217
1367
3766
3963
135
2414
4504
850
2669
2125
1463
2838
1810
3626
4643
1074
1254
213
3698
2057
2747
1762
3009
88
3728
3439
4886
483
3389
584
4844
3670
383
107
36
1425
99
3698
424
473
716
658
945
357
3062
4485
353
2827
3933
3897
3868
593
1357
4312
3183
1220
2872
268
84
3858
1888
2326
2813
2255
2298
4524
2649
349
120
4124
3911
1141
2898
3971
1857
2582
2137
3081
2629
1912
104
2262
3372
2288
269
4755
1905
4492
998
2652
3623
873
3031
1634
1407
3984
3447
3526
4590
3390
3810
3145
2217
3282
4013
2468
106
4125
4498
1246
4329
3060
2555
4806
4441
2397
2189
3653
976
1785
2420
2675
3743
1364
3061
2851
1129
2800
2364
1798
1076
3635
3198
2407
4576
3190
4880
1315
1374
2695
4192
668
2536
4603
3807
3632
3655
380
713
4809
4863
4993
1884
4872
641
4189
827
2734
2118
821
4807
3962
4691
3383
2039
2454
355
4377
2942
4585
728
3567
3674
4003
4172
1978
3359
1766
2172
4138
3865
513
3383
822
1519
1311
4921
1905
1040
600
4795
3606
140
1104
4302
4710
1977
492
4906
476
4737
3979
1580
2612
182
1557
1645
2028
1317
339
2561
2636
4472
3652
343
192
2760
303
1328
1122
1736
3046
674
3943
4851
383
2067
4557
1728
4888
2719
4239
4231
3052
1648
1625
1887
3035
1924
891
3694
3064
801
913
3045
956
2012
3663
1362
1416
1325
1259
1524
4678
1208
884
331
4028
3211
1899
2574
3291
3203
2685
4711
2832
3746
4489
565
1518
3573
584
2962
2549
2326
1592
4941
3844
4987
2951
4033
3607
708
3176
4763
3708
2259
2029
4187
486
676
2883
3925
352
1830
4323
1069
534
2559
3749
3093
4293
1589
3536
2571
312
2110
3425
2690
3548
117
2463
3736
2591
3109
3267
2496
1065
3488
3859
3022
4337
3965
3000
1476
2041
867
3022
4501
2500
1507
918
555
4820
2113
2748
3553
3107
2770
4958
1377
2142
3110
2786
4348
1128
1587
1538
1775
3494
3454
2550
4750
1527
4391
3459
918
4894
4128
2230
493
4577
2555
1783
227
1414
3592
3912
3246
3476
2041
4716
3225
4823
3342
3464
101
1453
4289
1277
2712
3531
1463
3642
4703
2784
4840
3279
2796
4901
4402
4535
2866
4223
1703
4501
1254
3535
24
4419
4077
570
3682
315
150
3836
808
2063
4638
180
4252
3633
4431
471
729
4923
1981
3517
556
4900
2725
4271
2486
4954
863
463
162
1882
679
568
1885
2765
3881
3843
2072
949
4402
1099
1623
3162
3928
2392
4594
3206
352
1024
1112
4579
2738
2106
1372
2965
3487
1193
1949
3302
4951
4568
4540
788
2391
1542
4598
2305
856
1166
4916
1728
3207
4089
218
3618
1561
1310
3731
60
1535
903
1664
1023
792
2210
2804
4125
4176
2164
2277
4017
2287
2539
4837
1188
4530
3226
4468
2461
1043
2863
2305
4353
2878
1888
4563
4325
623
655
3458
4173
2635
755
1044
4116
2759
4633
409
2320
4457
1170
1013
2572
542
1780
1686
2138
4535
3819
275
909
3439
2459
2788
4955
3821
1111
3699
1441
971
2342
1674
674
4897
4152
4710
2848
1192
1357
4175
2745
1646
302
2442
1793
2818
1152
182
2234
1089
4135
4824
3091
1826
4787
344
1844
3831
3998
193
3248
2796
2636
626
2295
4580
3421
382
3344
1918
2866
4540
3173
432
4987
4096
2293
3434
2908
732
2562
2774
4536
1664
966
93
1940
2783
3850
1915
3366
4872
1106
796
4976
1596
2069
174
1701
3223
3056
3988
3590
172
1865
1008
1529
2831
3412
1351
1692
3347
3753
1852
4788
3636
4935
386
4591
3759
4720
3952
3558
4798
1455
1409
3920
2612
1167
4500
4135
1947
4493
2671
4137
3751
9
200
1798
3721
759
2570
1778
3187
501
1354
1176
4067
2421
1684
317
1025
4244
767
2940
3677
969
2346
1015
2519
3846
3140
4254
4705
1354
4126
3954
1712
2798
4694
2985
3209
3026
2100
1017
1808
2298
3797
1953
4178
500
2734
987
4338
578
3753
472
622
2485
4388
4048
1574
3233
3638
1788
2404
2217
4885
1070
4254
3045
480
2321
2380
4414
2790
818
2494
2182
3213
1828
4702
3330
4291
2112
2273
574
2836
2648
2497
1094
2394
275
4695
4537
349
4751
121
1486
2177
1394
4746
513
1209
1309
563
3681
4090
4883
1905
73
350
466
4904
1824
4770
381
464
3336
527
463
1646
239
151
3961
4047
2338
752
1405
1562
4912
2197
806
1220
4689
714
478
2374
479
4765
3891
2330
1137
4068
1615
681
2661
2721
231
3688
4984
4274
2894
1759
4412
3157
554
381
1113
4817
1324
2182
2003
2496
2311
524
148
1759
4600
209
2888
3115
1719
3764
4623
2960
231
4816
2086
4242
1951
3557
3964
4253
697
4968
308
271
4351
883
3625
4594
1023
564
1148
334
2600
1020
3325
3929
834
3035
4939
1168
3626
1486
2577
2030
1388
4762
987
3841
4848
1156
4133
3215
1563
4143
1880
1539
4850
1234
1420
159
3586
2333
3582
236
754
4997
3678
1527
4492
4859
2672
200
2798
2252
323
4543
1787
2829
3308
383
2280
3554
4991
2646
1021
1137
1207
2930
4027
3555
2680
969
4930
1383
1299
4038
4658
2169
1694
356
3880
4132
4744
16
3705
4412
1301
3374
1767
661
3828
2306
2908
1938
3340
1759
4077
2283
3165
4485
1821
2977
4612
923
4538
3557
707
1329
3427
3144
4619
4418
4063
1971
2734
2103
2400
3936
1394
3921
2692
27
654
447
3911
1287
168
1949
3279
456
2573
4601
3036
1209
739
3877
3099
129
1462
4160
4965
3617
4818
4314
2526
4265
2423
2024
1641
4246
3088
4545
552
303
150
3744
3473
4326
4691
521
950
4260
4842
701
17
4303
4160
4357
4722
4767
398
844
1818
417
1589
3908
1241
3663
1307
3528
521
4655
2876
547
1146
3132
984
2964
4298
1932
2074
1367
1361
2435
4413
1114
3701
2861
2562
4679
1416
1579
4924
1106
698
893
3565
1939
3216
494
1870
4818
2422
851
1947
4497
3492
1096
3654
582
1807
1611
3149
2755
2841
4571
3917
4033
509
4519
4407
2990
3521
1405
4411
4841
1829
4929
158
4485
3251
3347
3631
2375
3900
3582
2313
759
800
4154
4273
1402
2035
3525
4879
1888
2502
315
4271
2418
2574
1864
3152
1897
4234
878
3416
1148
2212
894
1412
4433
4584
2494
2432
960
4625
365
4841
212
4318
3366
3414
2147
2451
1207
1906
1875
476
2316
3230
2422
3648
4611
4738
2723
2812
1637
3190
1232
1824
2812
4732
581
3949
297
3085
3926
3182
827
2560
291
4745
2086
1812
2746
4781
741
897
4887
2992
4615
1991
969
1612
3361
4585
128
1140
2396
4112
1025
2299
3355
1374
2469
4457
3214
1875
3285
3189
4119
1782
3059
173
777
2670
942
3552
1253
4497
4869
4409
1987
4405
98
4788
4870
3459
3758
3843
3429
2734
1329
4358
1397
3154
2521
4634
3591
4346
2059
3961
3383
4414
3324
3268
3423
97
4679
148
4810
3184
4001
417
951
4860
1863
508
4276
4158
2870
778
934
950
3912
3503
1327
3386
2758
4792
76
717
592
2605
1574
653
2610
4481
3980
2239
3875
1206
3433
1001
497
3325
3221
2258
4373
2381
1267
4811
3144
2838
4957
3953
2506
4053
4198
3181
1498
2651
1603
212
2251
1769
414
3711
2710
4149
2428
4066
2591
4558
3496
1583
479
1723
2546
2613
2856
1879
4935
2900
2806
3998
4577
2042
3949
3341
2927
252
3183
572
336
3798
3856
2088
32
2653
4951
4097
4655
1775
4413
1486
3429
3054
4735
3809
4597
2154
4608
2033
2528
684
2124
3681
4396
2082
2785
2564
937
1335
426
4903
563
1058
2431
169
4577
388
1792
4288
1618
4799
179
2712
2043
1795
3807
2489
974
2259
3757
161
1060
3536
3550
1157
2761
1803
3551
2244
3288
3012
2591
2670
3202
1300
3607
3551
2858
1259
1308
38
4804
3126
1681
3191
2473
1976
4711
1728
980
1728
606
4611
489
1773
4593
3986
4174
4976
3950
4946
75
3315
532
4576
910
3534
2077
983
3721
654
1633
4207
4265
1633
2208
4637
1512
3241
4562
4517
2805
2369
784
2944
4321
1860
3540
4955
3413
3251
1802
990
103
1258
1967
254
2127
1389
1918
4588
1940
3055
496
3872
4529
477
3346
4664
2696
2826
3258
2072
1289
3377
812
4177
2779
1783
1694
122
739
3870
1504
4084
4195
4077
4193
4383
2981
1248
1841
3832
3747
4047
4896
2095
969
3020
1664
2510
4421
3706
1508
4007
4984
2347
3888
3522
3217
1909
2156
4611
2293
4307
2850
4883
1062
3558
4482
2823
3815
502
2587
1828
3883
2807
305
2049
4451
1197
3112
4159
636
3195
647
1774
1560
1368
3803
4749
3268
3300
442
2297
2650
3029
4180
3849
661
3848
3811
2622
3381
2292
4602
3969
1299
291
170
4645
4281
3078
4831
3660
3094
4155
1537
2194
2896
1926
2802
3122
3231
1969
903
4747
2853
4355
372
1259
449
2545
859
3036
3841
3832
1432
4737
516
2727
4947
3910
2465
1698
2538
2523
2292
1674
137
4107
715
4020
1624
1565
4713
1699
3655
3545
2678
4787
2696
931
2178
3560
4295
2218
507
3962
2374
4047
3163
2720
2549
4979
29
4600
1587
2922
182
2661
74
684
368
1239
3777
969
3559
1242
4203
4454
3879
2044
3884
1010
1529
1312
1337
3818
1857
2640
703
4965
3099
3165
697
2281
332
2689
208
828
2846
1814
3192
707
4855
1184
624
3044
3753
402
3991
3163
1104
2998
275
1588
4199
506
3877
1393
1991
4166
154
3195
2151
3797
2497
3805
1381
3110
3193
130
4347
2691
1032
2649
4002
2021
3788
694
173
263
3090
3634
4715
1437
3120
643
4869
2116
978
1624
155
1675
1537
2731
1750
377
1673
1139
915
3577
1741
2724
1793
3600
3650
2902
4033
3514
1151
4464
980
474
4781
3853
4819
3793
3785
1487
4372
2428
3058
4779
4199
3754
2166
4771
2310
2511
3821
2285
2894
923
3900
123
840
1029
1060
2402
4539
2031
3984
3806
4335
3624
4886
3402
3464
965
2011
2288
1340
3838
2640
4645
98
4430
781
2402
1505
159
3222
2167
17
661
3705
4578
3513
105
3250
3465
4173
3971
299
2786
4338
2765
1284
274
3278
764
1851
2880
4450
264
4345
1702
4747
4598
4078
419
3783
2323
3118
1942
2412
3361
1166
874
2376
4885
56
3623
2226
3121
4333
1337
4276
2306
1855
300
2798
4082
1056
2478
2991
2931
2699
4873
3460
3630
2568
4883
3404
3139
4158
4808
380
1693
2557
4183
2669
603
2261
990
859
2975
423
1735
74
778
214
1723
4240
3577
1660
1584
271
2791
3918
1989
4105
3285
382
290
3480
2910
2363
4387
2973
1013
4215
1229
2436
1684
3891
1762
4436
4153
2960
2600
4164
2607
2151
3180
1263
1610
290
2362
2891
482
3896
2830
700
3286
3465
472
2322
4702
4738
663
2962
1255
1780
3436
1456
1082
1481
1105
4052
2467
3521
4724
859
2117
2663
4589
2401
4144
2337
831
3125
4170
1255
4898
1968
4568
658
53
6
291
805
3446
141
2418
4029
4668
4818
368
619
1683
967
4344
2471
2247
527
3651
1374
2697
2766
2599
2669
4748
4000
4210
1375
2089
2678
2998
2410
612
3115
4905
895
994
520
1967
3087
4146
3429
4009
55
4164
165
932
1462
4631
776
3294
378
2168
2976
869
1619
2194
1957
1722
2910
4295
4895
1582
2160
2073
3570
4828
33
3834
2100
4866
1415
3860
735
4602
654
1908
979
2944
1653
1664
3603
175
2036
1658
30
2437
2876
1547
1734
2884
4006
1174
4383
4625
4378
4411
722
3543
2660
2854
3402
1307
4667
516
172
1975
2011
3743
712
1706
2803
3609
2795
4566
861
1220
1524
892
915
1639
2657
3156
2105
1898
3824
3324
3804
490
4182
4586
3662
1476
484
2059
1367
3396
1164
1710
3671
2542
4447
1777
165
4160
3628
4716
4960
594
3928
4314
325
4834
2284
3799
1728
3611
4197
4471
1071
3096
1357
1910
3505
3639
4988
1966
3036
1716
2993
2151
2108
1078
2256
4786
218
105
2339
2558
4056
2121
3294
3544
3522
3850
4277
917
123
3272
4987
4648
140
4206
3916
1701
1840
2208
1862
4168
2382
4576
645
1919
2311
3932
941
4524
963
2676
978
1024
1960
1826
1026
2972
2175
1394
1397
2268
3235
161
4682
3731
1107
4230
733
773
1895
4564
2575
1038
4921
551
1602
1616
980
639
2140
2815
3214
2280
1499
4960
3453
469
3398
1622
154
3909
3592
228
4450
533
4365
3622
2927
3604
4433
2640
2062
1921
1683
729
2041
4417
2211
2459
54
546
928
4227
4201
2689
2120
967
3308
4368
4558
659
2382
3186
2446
4858
211
3009
2319
4763
2683
907
3213
1982
4097
208
3480
2159
4268
4972
2147
4063
1438
3440
525
461
91
3942
4154
4253
2417
115
1743
1695
2445
3373
4196
4181
2648
4779
3107
3883
4698
1513
1983
1
2679
4987
585
3761
825
2924
4938
3981
4609
4654
1885
17
4830
139
1269
3852
3578
1826
443
1977
4102
4709
293
1046
3167
1176
10
1792
2483
866
1528
2507
4890
3033
3083
2363
2608
1538
4851
1052
3784
2442
106
4747
234
3570
1944
3215
2242
1726
4858
1820
4773
520
2655
2013
3379
3692
1285
1672
538
283
2529
3638
1849
2763
261
3435
2738
4499
3139
1526
2943
4965
648
1583
2138
713
4397
3623
153
2357
2839
415
4061
1105
3910
4334
3788
4402
3039
2670
2950
486
1611
3746
4588
2422
727
3433
89
4027
2316
3768
1153
3985
4332
219
3348
1922
4831
653
442
87
2513
1273
3998
1999
1326
1023
4296
3182
4724
1369
346
1262
3608
1141
3988
4366
1107
3270
1317
2965
3710
1556
4551
2859
1452
2355
64
3872
879
1610
446
3267
750
853
2853
625
3292
3840
4415
136
3947
464
21
3805
1347
4672
2053
3826
1998
756
3166
304
2363
3690
754
4047
933
39
4400
1339
3867
3479
695
2557
1607
4188
2480
4692
4148
4022
1488
4185
1847
3082
3674
658
924
4574
625
4880
4046
2079
1415
3727
3720
2567
1422
1861
4316
1310
2102
4910
3464
1439
333
1024
330
1567
2774
1523
2519
3340
2007
4125
740
781
1255
4270
4968
4656
327
4119
313
3897
3424
4005
240
1700
3558
4505
2654
455
4720
2887
3435
2495
377
4317
2214
2910
1502
1132
2971
2117
4033
1748
65
417
1199
889
4181
3469
1581
1314
2500
2384
31
763
1479
3307
778
4267
3605
3363
207
2215
2500
3816
670
657
4951
3373
2922
45
4880
429
829
4898
2932
1584
3776
1067
2911
1012
3735
3268
4578
2401
4910
3033
1448
1534
2607
2246
576
3098
3591
2536
4227
3094
536
2883
298
4840
4140
4951
1198
4901
1713
3205
4807
1237
3189
1925
3822
1147
1525
1536
1555
2108
2509
2077
4093
1215
1608
4215
3394
53
3288
3198
3404
2905
952
885
1747
36
1223
3496
3154
58
2758
4912
2397
4402
3764
2500
2945
4804
1556
2490
3317
435
3297
3115
2158
169
2809
2301
737
481
1031
4735
1540
3453
84
1933
2549
985
4444
3622
4461
4570
628
2596
1374
3559
3477
420
4717
4887
4104
4739
2779
1728
91
592
3694
2962
605
2724
3181
610
1463
2533
1409
3765
4396
2562
1420
4202
3153
105
3454
4063
1057
2445
3201
805
2419
1259
2793
4063
656
812
4274
640
1918
4303
3271
3942
906
4366
2754
2411
4598
615
4801
2272
2345
2778
1717
2980
380
3869
3689
1014
4101
997
4798
2754
1450
3047
2024
4339
2336
465
2267
4504
2125
3443
1106
