4577 4756 4137
1111
186
1074
3086
4793
3188
4970
4629
894
1228
4997
1824
448
3185
4378
3266
3217
3125
4824
2320
3179
3095
50
2812
2689
2823
375
2735
3347
2702
1933
3154
3036
880
3288
1017
2466
2179
3151
4304
5000
2048
1206
3922
2088
3426
3279
3357
1449
1496
3453
3229
4745
2963
2461
3551
1591
2870
4650
1579
476
1425
1125
1649
409
4111
172
3027
3888
1486
132
3188
818
326
1426
2974
2327
797
3525
3091
3899
3732
3424
4732
1605
1176
4700
2012
672
3491
3801
1665
880
4900
1079
1239
2900
1118
3839
4140
45
1288
4091
1565
683
323
2869
3069
908
1260
4426
1944
3688
4767
447
4184
4759
2309
3905
282
2666
4357
3705
2179
915
4969
185
3054
4034
3163
2204
2726
4424
2106
3871
510
3859
166
1548
2269
4088
670
3470
1637
42
4575
1483
1890
1494
491
512
2032
1479
1489
1719
2225
4603
4038
4592
2515
2297
2212
3166
1113
3041
1166
2296
955
4153
2408
228
946
2165
2770
1071
3882
4283
1564
2571
1789
2748
1712
79
731
2516
2667
4402
1336
2459
3290
4205
1396
3226
4621
1451
3151
2668
853
1261
1986
4701
4529
4623
3703
265
809
1717
2698
1337
365
4377
551
2908
4553
4916
3770
813
2978
4315
2722
1255
2711
635
2192
3869
2561
1256
4436
2331
3235
2843
1497
2314
3391
2908
274
4619
2887
4136
3135
3853
1133
4007
4915
1380
348
2179
4901
12
4313
223
997
4289
4824
3548
4133
2558
4624
2246
4203
2975
265
2861
4125
4299
323
1779
2815
3462
814
548
3471
1977
2616
2155
1098
3033
571
296
1870
3204
2535
3906
780
3065
1263
2731
2024
140
4803
4946
986
2613
2877
1561
3086
1090
4169
4963
444
3479
1486
4672
4961
2086
1268
4670
4170
2415
1245
692
3584
3761
1050
1929
4960
3517
2166
152
4075
859
30
4108
4862
1293
416
2425
1908
3885
3248
984
2466
4336
528
4783
2284
3759
3382
1322
425
4211
1252
3020
3075
4102
1206
1472
279
2594
4103
549
4276
4059
4856
4902
340
324
4106
3967
3587
4387
1431
310
4514
4247
2604
1454
1948
4783
640
15
1874
1954
1616
3559
164
3697
391
319
3041
1775
4752
4277
682
942
769
3534
4457
3196
4166
2660
3221
4910
313
1714
2048
3805
1975
1745
3270
137
2293
4435
3157
732
674
171
3633
2383
4854
1474
834
2545
2361
4254
3556
944
1578
1184
4115
3029
4135
3659
4212
3144
134
4281
2041
3452
3411
2079
4113
1566
1259
1739
4834
1549
1198
2187
1957
3525
433
2910
2478
975
4825
4793
1685
3275
4963
1351
4807
59
1090
4515
3737
3364
1883
797
328
4389
857
2311
3340
275
1342
3566
302
736
203
4490
1416
817
2338
3655
1940
1803
2834
4509
2007
2769
3971
4346
3397
366
3077
3129
2302
1914
4518
1849
2364
1917
2067
2934
3259
3356
3373
2931
1279
1765
3796
1280
2948
687
4377
418
1566
2471
819
3864
317
1225
3152
1286
3611
3675
3359
143
389
958
1794
3623
196
2179
4193
2648
4978
1734
3192
3354
2794
373
4778
2888
1286
4315
2292
2461
1607
4613
1884
1619
4510
4928
3342
4822
1265
2483
4665
4979
1163
4111
2253
2500
1470
4329
2703
1276
3379
4780
295
3604
2219
1587
110
4268
1717
68
4670
2564
405
1377
2482
3323
1965
4581
1919
687
4201
326
1527
1517
721
863
1901
10
3574
2430
4327
3106
3124
4380
1815
1315
3630
3783
4436
4753
4476
1185
378
2891
92
145
2791
565
3479
3820
3917
436
3074
2260
666
3591
832
2156
1206
903
2904
3639
2712
284
4861
657
1057
4164
1111
3644
3868
540
4697
1238
2084
2196
1829
4921
1612
3016
638
1963
3754
3551
1170
3814
1316
1914
4277
4302
3587
4588
4816
2449
4107
2622
2537
4579
673
1634
1482
3668
2693
1665
3446
1728
2586
126
301
2389
4372
2872
4063
563
3753
2480
1336
3004
3041
2763
3070
3379
3001
4076
3110
2398
4191
2324
1619
3202
1752
1671
1727
892
1248
3812
121
2797
2553
426
1284
4692
4273
3149
311
995
1528
726
334
296
1945
2348
3363
3585
831
2061
3105
3635
3559
2716
4798
4426
2018
2836
3818
1321
4842
3647
834
1619
4192
3636
1592
3527
1094
439
3297
2856
2817
4409
4072
1246
4274
4885
611
698
2488
2104
393
1854
609
1191
3484
852
533
107
2243
3248
4152
616
1339
4892
2265
4574
2283
1296
5000
2633
1489
480
1590
3069
4276
1783
3365
2970
4573
2962
1157
4301
3592
960
2404
689
3987
1929
3730
62
367
2433
3242
1272
1478
4382
3831
4535
2976
148
3877
3306
4847
774
1526
1517
2733
331
824
3857
2075
3298
395
361
4937
1011
2422
1626
3498
4721
1354
896
3122
3402
775
4745
4210
2028
4126
3752
4311
4969
3961
2605
4787
4985
3557
791
4902
2369
3742
3847
4808
676
1063
147
3841
1711
3133
1141
891
1459
3951
938
1320
4591
576
4658
2884
1524
369
377
4826
2978
802
255
1698
3436
2200
1201
2844
528
148
1388
2497
3004
2755
2070
115
3331
4905
293
1169
384
1799
2726
4069
2305
4046
4241
1948
4869
2384
717
961
1124
780
3321
1189
985
1750
402
759
4764
1275
903
1093
4576
3817
2836
1031
805
4647
2684
2035
1246
2358
4167
2852
2467
48
1920
2615
2587
3700
1330
916
149
4762
2448
1749
3376
2198
2677
4055
320
885
3622
4307
1407
1831
340
3122
834
931
843
2121
2403
3918
808
1770
4818
2654
765
3015
1375
1022
333
964
4698
3950
3939
4706
1809
4607
1292
2411
415
70
3953
4853
3546
3325
1646
3942
3647
974
3124
2469
3762
2850
2098
4024
1720
3381
263
3375
2910
3058
4771
686
4154
995
93
2292
4159
1151
206
4017
1740
1545
3262
1174
2720
3913
4344
2141
4900
1427
2030
4064
2072
1218
576
3757
3436
2255
4174
3204
4059
4372
2162
2385
3995
3775
4605
3937
3660
2771
331
1831
2538
3147
4488
2841
936
2447
805
3306
380
4610
4885
2198
4513
101
844
155
2669
1546
3302
3384
1320
1854
2083
1682
3748
3599
2441
3606
4262
4872
986
270
3479
2044
2585
1000
4769
1308
1478
63
334
2398
280
377
3870
479
2671
2902
220
4786
328
4283
3928
1925
3088
2344
3090
3318
2452
3339
932
1043
3936
856
601
2751
1238
2739
3394
4687
3199
3443
302
4076
1297
1707
1229
2231
1850
2056
470
4364
4883
2545
3490
2841
536
1178
761
2399
1878
3595
397
137
1290
860
4237
3224
3151
3630
4716
709
2976
1746
3189
1086
4043
1082
4347
4848
4992
373
4592
498
598
4098
1339
2303
2097
3390
4143
2205
4884
4273
7
3346
4627
322
1978
2787
1906
4168
1202
120
4601
4563
1719
2005
3998
1051
2644
412
3817
3559
3186
4306
1543
3994
4407
320
1090
3593
2141
4233
3439
2725
3625
312
4038
814
1473
2288
2482
3498
2755
3280
508
811
1804
1123
145
4996
4694
1817
4889
3260
554
4310
4298
2767
3323
3087
4576
3108
1482
4428
3188
1748
1453
16
1286
3704
2236
1781
520
81
202
3576
3521
3361
2568
2383
454
2753
4842
3371
3210
2958
4854
112
2449
4383
4024
1284
2757
215
1917
2034
4875
3253
3831
1348
3436
129
1023
3767
51
4880
1088
4608
67
550
2531
3754
647
3002
259
354
1072
4277
4058
2996
3746
1160
4582
4908
4921
330
3884
2337
724
21
3939
878
2787
2075
2384
4496
1301
3623
1339
1737
2042
2986
4024
652
4529
276
3361
3202
3674
3484
2425
744
2866
4191
3743
79
1348
3409
3466
2556
4025
2512
2003
2956
3785
15
14
4741
3661
864
1990
2953
1890
2309
2915
4624
1022
4462
2181
1012
2377
2385
264
453
1768
3075
838
496
1700
2426
1789
3057
3602
4230
1277
4608
2456
1094
1430
302
2793
3227
2047
1491
1002
3918
4375
2833
770
2334
3251
370
426
2053
3510
562
3407
2413
3143
442
1036
609
1467
3810
1284
3466
597
1534
1932
1908
4998
1249
1889
190
2849
1420
1994
4433
1376
2227
914
2406
339
4790
3676
523
2835
3630
1665
2125
3971
3864
1912
1904
2235
377
990
2587
3079
2012
1773
2279
3918
21
2792
2031
1319
734
1775
2702
4448
1084
1363
2174
2612
4822
1797
3004
43
3924
1531
3310
569
1645
387
3228
1325
3624
1570
3210
4713
2015
3163
1285
4026
247
1224
4682
1956
1477
4066
2807
495
4567
352
1161
3624
4740
484
677
4738
735
2508
2728
531
4213
3835
691
3884
235
3916
3502
4930
2209
3884
3674
2780
1328
3729
1240
747
2286
1867
4337
3444
3473
405
2107
628
880
900
2544
3904
82
197
4395
2701
2957
4091
177
2055
1008
3417
2371
2964
2145
1325
2119
4288
4295
4545
4567
3487
2940
1668
2952
4468
103
1345
44
3237
344
1995
367
779
1088
3664
2738
4809
3833
4567
3732
3804
3820
100
807
4276
2644
407
134
1636
2467
2668
3999
3566
3414
1793
1481
78
848
966
52
888
2277
4452
4675
4632
2463
1575
1783
3469
2338
3474
246
731
4213
736
2420
4439
3657
1020
2546
4777
1831
383
2654
3192
3190
4340
1044
517
2243
4159
2099
675
834
3191
299
1985
727
713
4858
32
1274
2055
744
1753
2300
3413
1465
1552
692
1708
3997
3081
1760
658
4522
4565
2033
1238
2635
3782
571
4370
1261
1934
1687
230
2253
1211
1229
2063
2296
2336
4365
881
2322
782
1093
542
3278
2710
1045
200
1489
1584
2369
708
4432
4193
224
3209
2449
285
1858
1896
2591
112
941
3552
4360
144
522
1698
1432
3128
4420
1618
1032
2348
2813
2700
299
2489
1530
1433
2840
2893
304
4159
71
3484
216
4293
3617
1663
2337
2574
2502
3498
4433
1486
4302
3415
4398
2891
3781
2085
3823
2672
2167
4422
1375
3608
1813
351
2770
1183
3091
1307
3760
3260
3074
4540
3214
943
4616
878
4859
2107
4484
2364
2417
733
995
2462
2123
3679
2252
61
2465
3250
2380
1661
4799
723
2158
1116
3165
1181
2091
4074
2626
3151
3057
883
2196
1937
2541
3569
4150
1347
4968
3804
4226
4820
3292
1812
1664
677
756
3409
548
1448
3979
4439
798
2778
3464
1160
3370
4907
2516
1042
1796
2555
3054
1265
759
4744
810
365
1672
3784
3615
4961
3148
3738
1034
2275
512
4313
1160
1551
1746
1263
4678
2421
3922
3082
1470
1452
2564
272
1060
466
2083
1513
3983
551
1054
3372
2107
1124
512
976
204
1483
4653
1026
1521
3625
4069
3181
2206
288
1734
1755
1487
1515
3736
3017
1117
1794
701
3787
401
3665
1026
505
686
870
2168
4459
4771
1291
82
2705
3703
4909
4706
1540
967
4514
3832
3575
3799
1021
225
117
2393
3217
398
3140
2100
1685
4909
2362
1307
3262
2416
661
2370
2303
2847
109
1521
135
869
1575
1660
2071
4660
2108
3178
892
655
3139
3628
1443
4252
2510
134
2222
4885
1728
9
3443
3507
4101
1854
4106
1085
3980
1089
2866
2983
2981
2748
2480
2669
4856
3938
4357
1449
995
2277
4937
5
1278
86
3458
2716
3608
3029
1068
3870
2464
4944
2378
3175
3057
4995
508
4992
531
1635
1556
4089
2372
415
1244
1794
1964
2070
1144
2535
4907
1141
1758
4493
3642
1546
1966
1393
1493
3862
4824
2500
4101
3152
3598
3975
861
4694
4906
2793
2511
4587
3133
517
43
923
3194
1369
1340
4172
3863
949
1546
1831
1343
71
2383
3289
654
1727
2916
3184
4463
3846
3356
3376
4140
434
1650
1603
2634
3601
1534
3292
2568
2456
1416
4767
2394
2034
2215
427
263
191
24
1607
1288
449
3181
2534
2
4559
400
263
2779
1951
4937
2756
4158
4445
4371
2297
4972
1346
4980
2761
1352
4578
1780
1973
1700
3289
2585
3658
4404
3887
3689
1371
1856
2777
3150
640
3383
1914
198
3982
1699
3586
675
3560
4623
974
2481
3058
2373
2505
3162
118
96
3572
908
3272
2348
4321
3197
2046
4786
3734
4706
3561
4203
3939
2613
3349
359
226
4933
3899
1427
2525
1029
3316
3860
518
228
2515
3621
4817
1411
3878
3778
4289
4262
1773
4857
4242
2453
3910
3350
3490
2133
2578
1505
3309
370
1436
1188
3788
4000
4292
3906
771
134
3729
4800
1202
2654
3723
587
4779
1796
3808
2025
4845
3012
2905
4836
3498
2706
2967
4116
1859
1287
2542
4599
2582
4440
3636
427
804
2868
931
1045
2617
3061
4409
4843
1049
3459
4465
3645
1312
979
3212
3910
1522
1523
2733
4482
1659
2164
3174
4557
3962
296
2515
1987
4549
3799
1132
2252
2083
1305
1881
4396
670
837
4119
4751
3920
897
4033
1554
151
2158
1422
4190
4706
2020
2529
882
4755
4656
2699
2711
583
787
3592
2107
4287
901
1010
803
2697
535
4830
1942
4365
616
4856
2866
703
3415
3494
814
3128
2748
110
965
4414
4805
1535
3060
4707
3969
1487
1189
4527
4597
370
3657
341
4129
595
2101
4641
4990
3266
311
1434
3965
3772
2722
1449
4264
3265
218
2138
2393
4033
1200
1801
141
4968
3946
121
2715
2770
2072
1475
3127
2884
4122
1255
4067
4836
320
3757
1559
1587
781
1892
476
3440
3752
4967
1369
979
1415
1498
148
1243
1272
4672
2612
3176
890
4444
4106
595
543
2686
3973
730
563
694
4620
3932
2871
4346
2628
4046
4478
320
2223
2671
1934
4704
1275
2133
1018
4157
4839
4741
386
1233
1743
4590
2235
2524
4839
2722
3275
4619
4398
1252
3979
2019
1422
1254
3917
1972
4763
4488
4332
3293
4297
220
2665
201
2948
3625
3440
2586
177
2978
2064
3898
354
4993
1547
3573
2898
508
2735
1301
2951
2321
3955
3191
2678
3778
3934
136
2922
504
2129
4280
2316
4400
3982
2205
2899
2262
4602
2654
654
238
3264
3106
697
610
3161
1866
122
1146
214
3371
3939
2483
3385
1995
1985
3163
3320
1655
3656
4637
1852
1713
4233
110
4758
2846
3987
1593
4566
2701
3891
2964
3192
962
2329
2305
3004
1075
1288
2485
2648
2599
945
2101
2188
796
957
305
1809
830
104
912
599
2707
4345
4809
4910
4660
2042
1219
2850
304
4168
3401
115
918
941
1421
3691
1151
4381
1611
4417
1182
1459
4557
66
2282
1495
3944
1776
2075
1403
2458
2338
1235
4392
2078
3040
1443
2648
2434
2209
843
4743
2642
267
2340
1153
935
133
1594
3861
85
4824
4904
4562
1160
2966
4517
4874
4682
1058
2621
468
1029
470
64
1434
1809
231
2707
4502
4849
1988
951
1137
953
4999
1974
3963
1632
378
535
445
4752
4588
2684
645
1590
4364
910
4757
1646
2259
711
1019
775
3222
3765
413
4754
1501
2143
3645
3122
2063
1671
3607
3220
1092
595
3839
4709
3781
732
859
3468
531
1518
2616
4591
901
17
3386
4048
1236
4366
4994
3250
4245
4380
4887
3883
4992
2563
700
4909
4165
1646
4250
2026
2849
3542
1315
3094
2414
2877
2335
4596
528
2416
3079
2967
4784
1082
2436
1587
809
550
2029
1698
3208
1611
4347
446
3532
4108
1338
1036
278
1846
52
1379
3205
4759
2781
4654
612
748
1476
1490
4987
2094
4553
1638
2796
3277
4929
3042
1411
1328
3590
4618
460
104
1467
1201
3400
1095
79
4498
1019
2608
729
955
2283
879
2323
3870
2192
1581
838
498
4001
218
120
699
1268
3010
3102
2087
4620
574
15
2336
3089
3324
1582
1410
388
4682
456
4692
128
4518
1870
3297
3782
1696
2269
4855
3173
2138
860
2865
1286
647
1017
2971
1285
4954
852
2828
1196
1326
4180
4051
3283
1678
3794
3674
4325
3297
505
1545
1240
3731
1425
647
4117
2816
71
1219
2530
4589
3045
3630
4060
3011
2753
3266
3218
118
4031
2222
770
1427
4640
152
1941
3666
2222
3786
3594
1095
3607
4801
3103
135
3618
1704
424
4655
268
992
953
4544
173
2193
2755
2899
1745
1191
4788
4143
1712
4486
3095
780
211
3940
4482
963
1354
2927
2276
2228
779
2171
1411
153
2906
3211
4170
4190
3063
4145
4574
4606
49
2965
3436
838
4185
4789
3493
343
3411
1574
823
901
3835
1477
727
4068
4228
3957
2890
3031
3768
3448
4204
2647
4522
4741
2713
999
1363
3548
2819
4125
3118
3922
4410
2766
405
2754
1285
350
3976
1380
4335
62
2300
2473
270
3696
4179
818
3015
2404
4321
3467
322
3747
699
149
4467
2697
854
1120
38
4616
389
1921
1609
3175
4835
2620
2693
1817
4455
3610
4704
4689
4111
840
148
4765
1456
4681
2741
4102
325
4615
1336
3879
195
3434
24
3248
745
3164
159
2245
1727
2368
2846
3510
3732
3928
1420
2656
351
561
3751
3719
4424
3373
1626
858
3795
465
45
1082
2515
548
3736
517
4885
1349
4609
2441
4385
858
269
815
847
3721
3867
1017
4867
1388
1699
4148
4749
796
2552
4153
2410
4385
1640
277
4509
3821
3200
3051
4676
1463
2896
1308
3784
118
4798
2431
2049
3693
65
3466
1877
2323
340
3261
153
1083
2410
3398
4453
2402
4905
2283
514
2866
1602
520
3937
1526
3228
3468
542
2283
238
291
1714
2175
2768
3483
2354
2083
1956
3633
4848
342
4169
4
4616
2487
3471
2344
777
375
3962
1177
259
2672
3850
1226
3469
4450
3199
1682
3083
24
1299
4585
1309
1922
502
1900
4943
4918
3118
1802
1085
4956
1980
2736
558
1109
2604
1887
4422
1072
4659
187
2990
4759
3714
4476
590
349
2812
1569
4863
2951
2741
2656
4002
4853
1556
1866
4134
629
711
811
1533
563
4395
2466
2781
2376
3526
318
2263
3815
3906
2625
1841
2425
1029
1715
4069
3163
456
1818
1160
2811
746
3297
4204
2368
986
4806
1268
4967
1853
2140
1321
3848
1550
718
3706
3414
1826
3454
2036
3811
2340
388
4137
2122
1566
1354
2078
4110
4049
1752
4189
4765
725
553
4321
2929
4621
3160
911
1182
675
2403
1229
2183
4024
920
182
4876
210
38
1450
1938
4606
588
4309
4182
1277
4214
1080
448
327
2234
3573
1714
1491
80
1928
1952
4837
1916
2519
2553
4100
1144
4654
1415
1238
32
2245
2841
4285
673
3458
3113
2796
4764
3860
793
4760
2842
755
3122
1827
1069
4504
4092
907
2913
494
3098
780
4632
1091
3308
4536
3111
3525
1952
397
3130
1219
3145
2201
1288
3322
4277
2814
2981
3208
3895
4871
3105
3576
162
1721
117
3771
932
431
1434
2038
2143
3903
2163
1147
4913
1832
2619
4889
3111
4698
1261
3302
2299
899
764
4076
2852
2757
2264
3910
852
4876
3098
3837
2442
759
502
3187
2986
2463
2982
672
766
3216
2104
3076
1254
3469
2554
2247
4392
4164
4716
2907
1446
3211
2567
4189
3234
4473
3251
3318
152
391
2333
2573
2095
4772
3025
1424
1167
1429
437
3500
4662
55
4172
4229
3116
1991
1413
1994
3357
1732
825
1616
4476
770
3908
1596
2724
1426
4097
3843
3099
957
2331
529
3774
4676
4118
3286
2846
2236
2311
922
1767
1294
863
1311
2510
3777
2100
2195
473
2356
111
725
3360
1087
1235
1395
1952
1257
4542
1235
1850
417
4010
3309
450
3863
23
3563
762
2872
2189
2663
2044
2704
3359
2285
4953
485
4766
1913
3330
945
1192
66
3681
2255
3034
569
4233
4810
2594
323
64
2921
2160
1424
3278
612
2291
4928
1366
2048
196
520
4834
4239
4023
449
1412
3999
3596
615
4425
2906
4622
111
1893
1792
2763
1216
1299
1547
449
1430
303
208
3802
999
1520
1934
4514
1860
3089
1591
4313
1833
4577
11
4930
1396
3849
3699
485
4552
2291
1128
1135
3691
465
2200
1185
1857
4528
3787
2833
2039
2774
4773
1047
3178
1053
2042
4367
2742
1596
1669
2562
864
2242
980
2105
4755
4423
3971
2186
3804
807
1848
1985
2339
2360
1335
3979
3642
2733
3072
2197
2984
3460
4255
662
3893
2544
2522
4834
1562
373
1572
1689
2792
2068
4692
4461
2187
4914
353
613
4575
157
942
1628
3253
2585
385
1003
2786
645
3714
2337
968
4535
2063
178
4966
3005
3837
3890
4357
2218
942
1952
3
2514
2747
1967
463
3810
4095
2766
63
3754
4457
1093
3303
4310
1320
4754
2919
3191
4005
4360
3065
872
3020
3813
938
1604
1307
2298
2971
1728
4933
4171
4991
1744
479
3660
2418
3672
3568
4772
3228
1281
3739
4858
1063
2463
4302
4254
4168
4124
2764
2752
1908
4746
2233
106
1757
1511
1862
1033
2106
1154
4689
3054
458
3880
3289
1191
2843
836
3626
958
4588
2573
1382
4522
3500
2936
4386
157
1888
3530
1764
478
2990
943
3812
3524
4519
2232
3592
1778
2569
4007
2597
4218
3842
3821
4429
3172
891
283
550
4955
1645
1564
3802
1292
3868
1709
2600
1939
4347
1958
3225
2072
423
4553
957
772
3002
4724
4307
3946
4605
3847
4874
414
4169
1164
150
3528
2145
620
2770
1971
344
4442
1030
724
2955
1324
3284
2467
3819
475
4588
1311
1568
3063
4566
2162
1721
1694
2808
1399
2519
2538
4549
2847
1627
357
1524
1567
4238
71
2692
2551
1464
2138
3944
4795
1837
1875
3990
2504
806
2587
1124
3342
2151
4995
447
4878
3423
4112
1908
3655
3175
3587
4169
2691
2518
190
3679
3182
4920
3194
289
2648
1997
38
2053
467
2883
719
2860
3406
4617
1489
2925
2288
3636
3746
1479
1240
1278
2578
769
2377
371
228
4332
3148
2648
4778
168
3919
573
2284
601
152
392
2673
4148
1841
1887
3790
1875
1890
1398
2448
3582
1083
13
1880
1909
2352
277
987
4790
2869
3433
311
1978
107
816
277
2954
2265
4423
2858
4228
2284
2543
356
1304
2455
1076
3006
970
1437
1316
4198
3462
529
2262
4321
1408
1018
4083
3931
4974
251
102
454
1854
1174
4453
931
2388
3843
4906
4619
1323
591
2713
640
2170
3037
66
4019
4134
4755
376
3459
1546
3743
3080
290
1333
1962
2618
1780
1495
3377
141
1061
4059
1209
481
3022
2390
4480
2785
2447
675
3077
3854
4211
1564
1556
4395
3691
3350
1372
4892
4356
983
4092
531
103
2065
827
3337
352
1928
2391
1485
646
3791
710
492
3250
42
4768
3221
2819
11
4214
2265
4197
3274
2717
2230
36
3150
4995
477
3860
3659
2786
4091
599
4591
3846
4019
1270
1050
343
1848
3574
2555
4389
212
514
4944
1929
486
3819
546
2737
760
1911
4174
1203
3843
180
204
2067
91
231
1208
2820
2616
823
4402
3
953
4008
342
907
729
830
2339
1563
2074
822
2164
1300
997
985
793
2390
180
2804
2864
4797
714
4978
576
4088
3256
3878
4073
911
1858
404
1509
3102
3551
171
2347
2076
4743
494
587
687
4698
654
4183
1664
2953
129
4489
3282
3308
2268
1168
3143
3926
2104
2686
3431
472
1222
845
1394
4492
3809
664
3156
3006
2995
1756
482
1564
184
194
1845
1516
2390
2729
2738
4613
2291
524
385
3985
3906
4088
1745
4383
1814
2168
3901
607
216
1757
2555
4636
4736
4553
3604
4297
3182
4341
2833
847
3637
4192
1410
1712
2021
1305
2385
3277
1585
2647
3895
4405
449
4472
3203
3570
1839
2148
2300
499
2917
4788
1904
2882
3038
1006
1967
2667
3903
3164
1035
1183
4309
4666
4128
4619
1158
2050
952
3706
3480
2022
1870
291
1294
1867
1210
2386
1550
1371
2016
3983
2975
1324
2169
1005
1794
4681
4898
3791
2333
3660
164
526
2529
2708
3829
3097
3766
1470
1442
984
927
305
3756
617
3997
1677
2940
3759
144
1886
142
4978
1060
3623
3679
2440
839
3655
4362
2906
4861
1732
3808
529
2402
1988
4402
2941
1699
124
1080
1415
1703
2838
3805
1431
2514
1700
209
4503
21
2483
2035
834
4414
1942
4849
1227
432
4005
1150
4874
3564
5000
4445
2002
2315
4579
3927
3832
3549
1743
3648
181
3560
3528
1984
3045
750
3158
4295
2761
3185
3797
3753
3370
544
4468
3698
997
3441
616
2360
1189
2716
4610
365
2557
4647
3248
830
1534
4569
2881
643
3746
4848
1022
2198
3651
4523
2156
1859
1462
146
2388
1787
4461
3431
3591
3745
3794
536
2452
3516
3369
754
2290
3461
3924
2561
148
1490
3792
755
3734
3898
2187
4890
2891
1229
3644
924
2226
265
1528
2725
129
1018
4409
3266
3987
4755
477
1422
511
4212
3473
4842
3716
2454
3722
2548
242
3407
4070
3829
456
2942
4498
2216
1100
2077
1421
1846
3614
3916
2025
3321
1393
3742
3333
493
4922
1551
4277
1444
2700
2322
1861
2792
3623
15
2752
2069
4242
4007
2103
3276
3200
3626
3849
4313
2954
2147
2388
2154
2036
1043
3499
2208
4370
2927
3136
4766
1584
1451
4638
1687
1618
1583
1662
1949
1167
1648
4764
905
3777
3544
2433
2018
1592
1049
3546
731
1549
2756
1125
398
846
111
3524
4724
2630
1979
3086
944
4189
3751
906
3831
3125
4142
934
2463
3779
1138
4371
22
2806
3687
1121
4614
4323
4043
3545
4307
1753
2387
26
2408
2845
2211
3950
1724
4604
916
4512
3119
291
2725
3431
3106
3715
2282
2824
856
1030
4559
1926
4017
782
1469
1217
3787
3724
4557
1020
1894
336
1962
55
1033
2729
1444
4375
4875
1048
3449
3606
4947
3593
2021
2584
2719
3093
4631
832
4504
2767
1356
2589
1086
1935
1418
2294
34
4815
1395
518
233
4964
2457
3843
461
2248
264
3091
4386
1358
4188
4051
324
3335
1371
1401
1900
3062
250
3802
4533
2542
2761
2520
403
865
960
2711
33
4064
733
2507
3643
4773
3788
656
432
2529
4853
2715
2121
2168
4746
1174
2613
1149
123
4675
681
4488
565
3775
4890
4537
3617
905
413
2810
3185
3397
3349
3819
4811
4977
1115
3578
2064
2231
2981
1286
504
627
3968
533
1976
2728
123
2102
74
4088
3331
4463
1537
1057
4281
759
2930
606
2146
4904
2283
853
1498
3850
4968
4719
3063
3068
2234
835
1609
3828
2286
496
4394
2263
2402
3290
4279
2740
3073
4370
414
2391
4207
2375
3736
2224
3643
1455
4494
3312
4916
978
1519
4273
4247
513
2800
2844
175
3668
4230
4862
3013
4176
2270
3004
955
1629
730
2287
1362
4258
201
2580
4835
2009
4353
1774
633
3533
76
4264
1730
2174
1502
3800
3586
2656
438
3171
3357
2355
4301
1343
2248
1332
141
525
4209
4754
2779
4852
3066
3715
1840
4637
1064
967
2362
3468
4749
533
3373
55
4682
2341
2537
3516
4702
2626
2846
2285
2123
3897
3349
96
3611
753
1356
2779
126
2567
1716
4170
3726
2452
2831
3378
2938
3726
3852
1586
