4264 4507 4338
4119
1769
2997
4420
3849
2904
4357
1824
2106
1246
225
4455
4614
2296
2031
1703
3552
2800
1209
4920
4293
3620
1891
4970
1759
1900
1999
3177
3586
4991
3356
3429
688
2976
4831
4379
4232
2274
953
4125
2568
4431
575
2686
479
4915
1002
1495
1604
3556
3079
2334
2957
209
3559
4288
4708
4064
3225
3853
2533
2157
4519
708
1514
436
3521
1384
563
2388
582
3339
4394
4591
381
2215
3554
4780
982
377
1440
1829
1029
3782
247
1814
7
1919
773
1767
4394
3875
830
4393
382
1626
3552
4803
2572
4423
3523
658
3489
2421
2166
4284
892
1814
64
4564
1786
3503
4396
4838
1529
2706
3919
4071
3085
4085
4918
1696
4248
4437
3258
1363
2156
478
2394
2800
3240
2579
1530
1638
2670
225
4965
669
4516
1980
2837
4530
192
1743
2993
773
971
3016
4309
1585
238
2514
1202
1244
1023
3933
3917
2030
3456
2923
346
353
3072
2022
1143
3822
1645
1071
3919
4516
1380
4553
2717
2566
1655
2964
1528
3257
3797
4530
1161
1794
2683
4567
2262
3340
1368
2298
3578
1256
3236
2387
3451
4003
2106
2377
1197
408
1708
4958
3302
3628
3967
4331
209
630
1403
2253
2242
440
363
2976
4452
977
1261
4158
3203
4190
4897
3598
776
2458
2805
1717
3263
1329
2632
3961
4563
2549
299
4428
24
1584
1116
1114
4863
664
448
3694
3988
2757
674
4914
2402
3436
2743
4618
1006
2805
1523
1262
165
3534
224
1725
3371
4969
1514
2119
1388
3269
3726
3265
3244
2745
181
2020
3666
882
1401
2394
3229
1659
1110
1071
1024
1132
942
2089
3259
1848
1109
1488
4006
3678
2737
3313
2688
1481
4114
4744
217
273
1246
4791
4051
1927
1353
3491
766
3564
1050
3631
132
64
585
4757
3962
2728
2165
2731
2172
1065
4666
968
4152
2100
2136
745
4505
4585
647
105
2310
2617
3246
4620
1637
374
4797
1463
3741
2744
705
3307
4588
2486
4762
1085
2100
869
3057
4000
4173
4365
4570
333
1353
4701
4644
905
1463
2690
2553
3717
4853
2282
996
4398
1592
3450
4752
1541
930
3922
1230
4885
4086
2936
4921
4678
4796
4096
3465
1709
2777
3410
101
1743
4404
429
4482
3772
1779
4897
825
896
1051
1782
352
3832
2914
4838
3001
3975
4160
1720
4878
2009
2491
1726
1408
3764
1334
79
4176
2862
3171
3929
1928
2024
4825
304
3332
1853
467
1463
4252
111
1000
2101
4569
1673
4057
1687
672
345
675
4744
2853
2218
3170
4061
4532
3465
4759
3820
1299
2980
3078
3688
765
2237
131
2540
2543
1587
1321
4402
866
4533
4371
3679
4890
2799
1730
2361
571
4864
4656
2083
2167
1084
3593
3970
4382
670
2939
2960
1334
1141
4774
2158
1085
4083
1366
1819
1431
3669
4618
3246
1182
399
368
4775
2184
4519
2908
3587
2618
3606
225
1474
3071
1399
1548
1715
362
681
3601
781
1541
4857
2697
1710
681
3509
1417
4322
4106
4543
2020
3584
419
2987
3740
383
3984
484
2335
2183
3377
4085
1292
376
2305
1737
2042
3619
3186
3644
4851
4051
761
3853
4119
1744
350
3668
1479
4282
1713
2918
4685
2811
4514
3971
4047
4715
30
473
801
918
3599
3511
796
702
3337
440
2266
2942
2202
3935
3087
79
387
1015
406
1756
953
1717
1028
1204
1778
1090
1210
2372
2275
1018
4016
3205
3435
2888
2609
3690
2657
280
1900
4396
2587
1065
2291
1572
3341
1559
3570
3629
1231
3281
2996
3393
198
1288
1235
3410
4263
615
4666
1566
4308
2223
1163
3333
2667
4786
2381
4537
4371
2586
4058
150
4265
497
4023
2486
4847
1765
678
2001
4682
3951
672
665
2026
4707
4980
2890
2981
4027
2333
4561
1559
399
4718
1243
3712
3344
422
1945
3113
2026
3676
3511
2708
2150
3094
4187
3139
2749
2961
1963
2531
1857
1202
1453
222
868
4960
3323
3698
682
2056
4031
2412
865
2437
3603
1223
3776
3246
998
1417
2441
2277
819
4106
2872
155
209
3737
4199
1586
1604
4045
3283
3369
330
3990
4232
4282
1119
3296
1177
3503
4657
2455
4849
938
1482
4469
1095
474
613
2644
4681
995
328
4578
3808
2709
3967
1311
3733
3349
4542
4502
4714
55
3878
4742
3218
1465
4439
3703
1327
2174
435
2369
2885
1592
3771
2464
4395
1580
1766
4541
4846
955
1367
4411
1388
4150
1149
2493
2188
3976
909
3216
3748
3706
4734
4921
279
717
3318
766
1004
4232
2324
3938
3409
2759
3680
2740
4149
4618
2700
4737
125
2386
2400
1050
3074
1157
402
2735
2268
32
384
4441
2758
186
1075
2751
4771
953
2695
2246
3380
4409
4655
1582
3946
4306
1847
3551
4231
1301
184
370
4454
253
2029
68
4991
2980
3261
87
3738
2062
3481
1216
292
1263
4102
1256
3933
719
1902
2671
2734
2757
1438
1987
4177
307
1850
3372
1923
3900
3032
4234
1890
3744
1250
519
3658
1420
1241
2262
1340
31
11
928
3286
2409
1376
871
445
1587
3744
3482
2226
1541
959
676
553
3100
3061
789
4370
1083
3454
1493
1987
4640
4923
1331
3071
2218
4665
4774
574
1655
4928
4576
87
1163
290
789
308
3943
738
1610
4954
389
1931
4149
1374
4367
2750
1930
1853
4643
2485
3348
1228
609
4479
3961
2167
4431
2447
1453
4467
807
1563
186
2325
2105
2797
4414
4978
886
4036
2108
884
1904
1305
381
4986
3772
2527
795
3644
2138
3457
2524
1182
1037
2220
4650
2209
1215
916
4332
3858
392
2111
1190
2346
3026
1970
1179
2131
3297
159
4452
1954
2366
1699
1044
2087
1882
2571
2544
4606
144
759
3547
1422
4876
1040
813
2253
1755
2980
2771
2306
110
4851
1931
1978
3855
4909
1587
4628
1121
3166
1922
3376
3100
2550
1533
2097
3529
3030
275
4596
3335
55
3718
2517
4362
187
1239
755
4985
2348
3861
2600
3338
1324
4689
3545
4603
525
3646
2506
221
4817
1167
3730
474
11
3414
2804
1387
4899
3351
1385
1025
1831
2913
2409
3212
1643
2182
3579
1546
578
98
2136
2827
1938
4149
1270
1671
3698
306
1767
1636
2115
105
4869
1710
1198
3412
4480
1203
1675
546
691
2026
4904
583
1949
1437
3408
1532
1922
1044
3009
3978
1832
84
2677
526
1196
194
4780
1635
572
4704
4180
1519
3149
3495
1819
1807
904
4634
3534
1855
4909
4702
3161
4297
4145
4023
4163
2394
46
528
1005
4403
2041
1452
4115
357
2647
664
4519
1068
1245
2374
4561
2733
3258
4661
1376
1184
3952
676
2418
1102
4673
1625
938
255
3243
725
552
3353
2006
1748
4303
2989
4077
2800
1593
3218
1501
3722
394
1309
2652
3488
1882
1008
1686
4039
799
23
93
262
4842
2118
1186
1739
2971
1604
4457
4086
4871
1791
1224
3273
2291
1885
3175
337
2462
938
927
4743
990
3938
2406
2326
2774
3181
4751
1382
2922
1267
1484
2227
4771
2012
1645
2436
2936
1757
4616
4659
3195
2171
401
3077
2381
209
2931
1977
2891
863
3282
1349
2854
1016
2360
2765
247
47
131
1389
1670
3594
2639
915
1962
3579
4008
3320
3206
2503
3708
960
375
2758
2030
306
3858
4799
2838
3559
3073
4346
913
3856
4540
2010
2444
777
121
4096
3101
92
1727
1970
1013
4114
730
1123
1765
244
277
3346
718
532
3309
2310
192
4183
1936
657
1152
1684
1317
4292
3736
4283
285
24
380
889
1648
2746
2122
4846
2790
3981
1403
1107
590
242
3357
3543
1484
2803
307
1581
2249
970
718
3311
1165
2392
1379
2035
4308
584
2080
2635
419
4411
1243
849
2135
2968
4920
3085
4547
596
4437
3248
3937
951
589
840
2676
1574
2817
2903
465
217
4855
937
1604
368
3315
2165
4195
4149
1635
1191
3327
1480
2549
235
1421
422
686
3518
1170
2158
166
298
1201
4443
3576
4689
1499
2424
47
4596
3304
1906
3606
2813
2367
4548
3892
4478
2663
1061
4805
4692
4723
491
4148
3771
287
854
435
3299
624
4017
1898
3727
2382
3355
3005
3362
552
2301
3643
3421
2617
1927
2361
974
2643
2381
92
1152
3473
4013
4163
4528
4173
1450
1625
2515
1045
850
4016
4512
4229
70
364
4181
3230
971
4918
3970
1242
3324
494
1297
262
2816
277
153
3870
4758
526
4188
4085
4127
4158
2830
1379
3920
4149
3225
745
3002
2434
1883
1153
3369
2424
1346
378
3800
4261
1956
3362
2374
4230
1474
2523
2709
1274
913
4666
4502
2567
1351
2624
4776
3519
2346
4926
690
1200
4285
3900
4337
3406
935
1383
3357
841
2633
184
2720
2894
81
4518
1660
1236
3606
3657
1709
3648
3163
4647
1621
1068
3456
3351
2403
1130
2567
230
862
2870
1274
1268
730
3976
2670
4181
2881
2970
4820
4931
4875
808
571
1026
2424
1731
2043
1849
3151
4196
1489
4778
4269
1165
4148
3159
3816
405
1015
2966
3455
2389
1510
2769
49
4068
1325
4337
3153
1103
2925
4506
1157
4285
333
3981
1891
2099
3857
5000
4833
1752
2757
3667
3649
4741
2197
4334
1711
547
4904
1882
4709
274
253
3491
3264
3779
1413
4480
1206
3131
2078
618
3477
1466
4546
2650
3765
3454
2777
3856
2175
3534
398
3518
1995
1254
1104
1295
3840
1634
93
1748
2008
3647
2368
4429
1085
4130
4162
883
3901
2744
1881
2583
28
4299
3530
4985
4701
1662
1137
438
3428
695
3543
4857
2499
2543
348
3876
3139
2593
1659
3343
4210
2304
4360
2763
438
3822
1036
447
2190
4303
2952
932
2542
3891
1851
2750
3083
4038
2301
3520
497
207
3203
4007
3362
1487
621
895
3455
328
3658
4463
4888
273
333
3264
1242
234
1439
4565
299
3251
470
2211
4502
706
32
3981
3906
3478
3520
3133
4540
99
2342
2662
2629
3737
4092
3825
2455
1508
2306
4260
4199
4805
175
1610
3735
4390
4258
1731
448
333
617
1496
3654
1033
3982
3838
3104
4510
4871
2348
2073
61
1771
2898
3775
701
624
2215
1865
2311
349
3630
3397
4389
3552
4044
2336
1841
2168
3779
4320
2175
480
3243
1415
2063
2314
1289
3970
2004
3054
2460
638
613
4787
205
107
2155
2682
2976
254
1715
4805
891
4497
1723
293
220
4286
4029
2099
4288
4393
3935
3676
3698
1933
3663
255
4989
2587
73
1373
783
1074
369
4408
4029
457
982
1539
2570
249
2026
4555
4476
229
1212
1197
1713
2914
3649
381
3791
3696
2076
3141
4708
931
2114
1230
4577
3073
4552
2654
3860
969
4695
46
3051
3712
305
3764
1094
3196
1575
2439
181
705
3671
1209
1859
2227
460
3632
2214
2660
733
1496
709
1183
3552
4241
4871
1436
990
1094
1671
4984
3754
835
2551
4037
1561
355
2505
4943
292
2346
4357
2974
2671
559
3567
3546
4717
3085
1445
3251
2910
1765
237
3446
2903
2794
3960
2795
699
2862
3379
4121
111
4214
2429
2854
616
2894
3321
1431
108
4472
289
2642
1560
187
3117
3540
4914
4982
663
2264
4527
3828
1774
2045
2820
796
3103
3056
3995
3490
2643
1714
3304
4454
3186
2242
2248
4008
527
3883
247
1596
2966
917
3021
1065
1123
3020
3167
104
4016
2437
678
3683
1385
1842
4728
2413
3036
784
2776
2554
1396
3849
2921
2762
630
4360
174
3579
403
731
834
2724
4391
3848
2479
3316
3586
1062
2567
998
14
1009
2720
400
1830
1768
3269
765
2692
632
4141
3078
2647
4781
3754
4359
3394
3138
1490
3385
2634
4401
1361
2788
1808
1431
64
4197
3178
4845
2689
2244
3552
817
1847
3512
1285
2357
541
3510
424
1129
3888
1727
2014
1026
1407
1246
2269
804
4773
2378
634
4461
4049
4711
4286
1633
1058
761
4269
4548
1552
4298
4865
3213
4179
4667
286
672
2693
2910
3011
3879
3848
4862
3044
2139
1729
409
808
4775
3822
3068
3801
3020
815
2795
3258
769
3620
1575
560
4172
3768
4399
2557
4940
1824
2197
3325
1313
2316
174
1734
3841
2241
3891
2827
691
2855
2375
3436
4220
439
189
1137
4534
1787
4661
489
1062
1031
3584
2277
3644
2395
2644
3097
2755
674
171
4668
423
4742
4323
496
3984
4659
605
244
4938
3501
4751
3417
1668
205
65
272
4553
1641
3897
3507
4951
1467
1535
1203
40
1976
636
1413
1451
423
2063
3175
2104
218
272
2457
1849
2349
4674
2045
2258
193
3554
1886
3100
1838
3030
4916
4455
3243
3304
4828
4690
3018
2226
306
4276
425
2686
507
862
409
255
1017
3764
4653
2216
4893
3039
1771
4159
4470
1193
1546
3617
2387
984
2129
3085
441
3628
1204
2495
1985
1766
331
791
1609
4560
2227
4886
3288
3724
3714
2256
2039
1393
3048
2297
328
799
2965
3156
4502
1272
884
1685
180
3887
3305
4001
2940
476
3386
3643
124
4074
3257
2852
2867
3796
2803
3556
1962
4478
598
4592
2853
4045
3904
2593
714
2172
4218
2823
3019
1044
1301
362
256
2988
2327
4004
3667
1593
1316
3859
1215
3755
2149
1496
260
2491
3288
2795
3990
2059
3217
4917
1405
988
358
3513
4198
675
3085
3633
4163
4916
673
69
4863
1263
579
3173
1036
4587
2285
4938
2984
100
3196
1530
3865
316
2179
78
2337
3171
3526
4232
1442
1257
987
1726
4229
2743
1729
4772
3375
3244
4170
4318
994
1188
153
390
3553
1140
4819
2214
2268
465
3383
496
1720
3940
3653
4467
474
2015
982
2184
2388
2400
4963
824
1685
850
1551
3314
4167
1822
4674
1959
2341
4809
1864
297
3226
4636
3033
980
2195
354
372
3039
389
2600
1582
2584
2048
4054
4853
584
1346
541
2254
2382
2835
2554
1015
4465
1827
486
684
1819
4527
2614
2390
4143
3182
1858
3663
2856
4564
87
406
3437
191
953
2417
127
237
3829
4494
3234
1702
4222
4205
722
2666
59
3579
4051
1189
711
1061
64
4678
493
3393
2198
3509
842
560
521
1770
689
355
785
3330
3397
2204
2147
1443
3066
1601
4969
4907
2542
2785
2262
3215
4329
1784
935
3419
1497
4230
3585
4018
400
3259
342
317
2520
2439
1716
1261
3911
1969
2386
1337
430
1629
1457
2534
3254
457
1513
3336
1977
674
3574
411
1707
3724
2520
4843
1905
1480
1346
1996
877
4476
997
3131
3660
2020
4982
4242
575
3634
2894
3291
2212
3433
562
3502
3187
3130
276
3585
3228
4693
4200
749
3765
3199
1506
2853
2592
3057
907
2847
3331
2559
552
1171
4912
1865
3736
15
2745
63
4124
4403
2527
2754
637
4050
3799
3988
780
590
4134
1189
3541
3839
2905
4171
1359
645
695
1422
1343
385
1095
1748
4569
3123
4673
3270
1707
1871
372
4679
796
3720
1086
3603
2435
2542
1582
4547
3949
564
319
4451
1319
330
4405
631
1477
2445
1104
1777
3819
4251
2169
843
3777
4442
3635
4526
1084
3968
1585
2819
3922
3255
234
3436
457
3828
4126
2306
4069
778
4799
3771
2508
2829
3632
1495
2096
4299
118
3348
2721
3361
1174
2322
4040
1700
3232
4111
3980
2786
3412
2743
2931
1801
3345
4043
1005
312
2113
406
3258
4088
3265
4767
3150
4436
645
618
4500
3629
3166
3118
1453
3801
792
2361
656
1676
731
4897
2162
4455
216
4538
214
4340
1834
2683
2321
4779
4868
3150
4130
504
4070
3641
685
2624
4045
513
3883
4346
3420
1740
1900
3833
397
4422
3105
4390
2500
3018
1185
4351
3462
2600
3971
3811
3701
1170
3955
3756
969
3288
1277
4612
4159
1754
813
4497
1637
918
3819
4762
2481
1298
2756
3526
3620
4416
1077
3847
4885
1505
764
101
3064
527
1671
1968
593
687
4101
1193
307
3931
4355
1068
235
3395
3073
843
3114
3752
2405
1575
4237
1761
2397
1609
900
2122
1202
2317
2777
4190
1401
6
3843
2393
550
3361
4482
2529
320
3128
3684
1398
2548
1423
3630
294
3222
14
4848
909
2935
4305
4848
4602
1349
2996
4028
4980
1848
4378
2337
165
4129
1622
387
828
2753
493
4143
3824
4598
1656
4147
2863
4769
3707
964
2970
897
3114
414
4414
1424
301
1822
4608
4860
2574
3308
169
3261
4850
792
1424
3976
2770
4313
1366
4155
1430
1893
4648
2788
2865
2314
3290
4660
2888
333
577
1184
1901
2324
1102
1905
985
2157
3547
4421
1298
4274
1841
3405
4559
3410
993
3355
1698
3652
582
2339
2725
3554
2588
2186
4291
2680
1016
1013
165
504
4220
4329
2798
1942
2620
4778
2422
3729
2485
3272
2353
1138
577
3136
4659
569
4492
2476
3057
705
2746
2582
1834
810
974
4257
4722
3175
1467
4878
462
1418
323
831
53
265
1148
401
3070
4233
3878
3853
4446
4973
2097
1631
2267
278
666
4637
4114
2644
2454
2176
1037
753
3431
2195
446
1048
3813
1629
2354
964
3121
1559
2026
2427
1649
662
1825
4800
3812
1175
4628
3453
1998
1712
1855
3775
1363
178
3545
3389
479
1200
2684
4297
2921
2160
2296
2865
744
3332
3972
3342
1920
2958
482
1553
560
2415
2075
198
4182
4721
4899
3840
1384
3245
1596
4634
2006
2586
2772
897
1921
517
3765
4241
1474
3800
1256
3506
1718
458
3109
2065
2626
2007
3442
810
1751
2928
2587
4840
4721
1198
3533
734
2953
2620
4465
4024
3605
40
2586
4282
2173
4428
4534
2340
2786
1347
3178
2023
2972
3184
767
3683
4571
555
4787
2075
923
3099
2090
4859
3049
1345
4017
3017
3540
518
802
1581
412
3601
2467
3022
1616
866
4627
2600
4722
1257
4400
3054
52
2173
1284
2062
4787
741
577
2184
824
2906
2712
3149
694
2429
2652
1081
292
954
430
4410
2593
4336
3855
3913
3585
2678
1974
2382
2103
3079
496
4640
3481
3689
487
1616
3288
3801
3237
3076
4934
2370
1183
3175
1478
498
59
2354
4815
1738
3075
3890
4857
990
1179
324
1326
404
1661
87
11
2698
3559
3261
3706
4181
4454
1001
639
4951
3723
568
831
3530
1615
1354
3882
3189
3295
1059
753
4055
2407
2814
1700
1396
1372
2576
671
3977
1684
1171
3889
3406
4285
337
603
4680
1046
3011
90
3581
4961
3522
4497
4600
1944
3208
3541
1354
463
2183
3200
2518
1824
3468
2739
822
1589
2426
724
3975
1260
1077
1909
3133
4635
2510
1750
4175
2903
4220
2877
3637
791
2042
2399
395
2826
1637
2118
4127
1287
780
931
1854
4783
1254
3002
539
407
4587
532
765
4432
3283
4251
1227
1697
412
3867
1400
476
3052
3508
1609
1984
2313
2941
2280
3976
1833
3219
1170
2458
414
4911
1879
3800
1977
4713
3874
2662
1021
348
3293
4105
3779
2591
4975
1193
1513
3040
3627
3082
1948
1449
1384
3889
1856
1855
172
4343
1599
3450
1756
234
2848
4492
1296
73
734
4226
1932
2037
4936
1067
553
2738
1500
4168
495
236
1586
1544
3684
3263
1986
4552
2465
2315
416
4990
1792
1731
3655
1537
405
1688
3403
3750
1430
2598
638
3650
1509
2410
3982
3033
2611
1355
623
3599
3929
847
3198
764
2282
1019
4695
4243
243
144
2290
3857
67
4869
3779
3252
4937
593
22
1227
1789
1095
4073
1848
827
977
2913
3435
234
1823
2915
3707
1919
4461
4922
3150
4725
982
45
4377
2056
1783
1201
854
2549
4354
2032
4410
2151
4885
336
581
4966
1691
3684
2759
4234
3463
906
1043
204
1404
629
632
298
1564
4563
3035
2037
4122
2043
2591
178
356
125
4917
1900
860
4545
315
4868
2772
1644
3250
3773
487
2020
4635
1045
1724
4087
4011
3810
4495
3917
3515
4344
3551
1096
4894
1973
3275
4078
1636
3856
3425
503
2500
2546
643
4780
472
1781
3575
3698
3179
3862
1430
2440
2176
2652
1770
1040
183
4174
112
1739
1578
1391
1413
3162
2692
2730
2047
1595
4741
4018
2646
3193
1799
2279
3589
1226
3053
1770
3197
2205
4493
1784
4675
506
1834
1811
1385
3632
1133
2876
3677
4263
678
323
2960
2397
3296
2168
2840
3530
843
635
3876
223
3139
1826
367
943
230
3512
612
2185
1590
4707
3203
4430
3981
1075
4565
39
3304
564
3678
823
422
2141
4750
3405
2508
3614
2023
456
3920
3806
335
1728
2034
1890
2837
4949
1704
666
3526
3267
726
4123
301
1221
4115
689
2743
3584
4245
245
1499
1994
3408
3943
3888
3157
2482
2777
4926
4505
2773
4273
368
1681
4482
4383
588
2176
903
2240
2625
1200
44
1518
3941
4640
2027
991
3148
1242
4885
2667
1289
4045
3058
3283
65
3460
4068
1868
4078
1609
1595
1558
158
4406
4560
1994
1988
2665
4027
1452
1229
1231
3836
3715
89
2582
971
4026
3318
4016
1096
423
1260
270
700
1830
297
2874
4875
4741
2570
3283
4909
726
3952
1823
1023
3022
208
4285
1925
4265
3857
1139
2770
599
3421
4840
200
3800
3548
1562
4900
3475
1895
1139
1113
2906
3297
4943
4227
3995
4100
2912
3314
1214
3161
4665
3818
1818
463
489
1246
1160
2598
2590
304
3331
2917
114
657
3802
1374
538
1158
956
4315
3215
2906
3041
2665
2316
2432
239
3637
3944
4458
3819
3576
573
454
2055
4327
4370
4270
4854
384
4546
4296
2134
4071
3369
1743
3728
1907
2546
3456
1283
321
4627
291
11
577
1600
3828
3963
4417
3562
1182
670
1824
1838
2626
411
1197
3185
1256
1148
3416
4861
550
705
1931
273
613
3007
3774
2780
4955
4360
3463
4879
1643
1221
618
3425
95
3220
4315
1258
2141
2248
1078
4975
1755
913
1042
1954
2845
4289
2614
518
1504
1286
3610
638
2982
1719
3149
2531
1315
1293
90
1797
2851
3836
2593
4374
4560
654
3210
1570
865
3957
1417
2843
2555
197
214
1850
2805
4445
1052
4460
4105
3679
4533
2717
3380
2854
4235
2139
2123
1750
2691
4692
4811
4748
2747
4667
3945
3198
2358
914
4634
3183
4745
3554
1096
4129
305
4777
2798
4948
922
917
1255
1324
1720
3276
786
4946
152
2944
1973
4270
1936
762
2392
4774
2033
1497
687
692
1652
1852
2587
1895
1380
2901
2025
3027
4652
795
2413
2058
2863
4314
484
2912
453
331
800
1467
4812
2482
3383
2456
2790
4614
627
1362
276
731
3493
1561
2737
2417
233
589
3138
2187
2980
3929
580
2540
957
4406
1272
347
4604
146
3014
1252
2021
3709
3484
4009
462
566
1313
4281
1023
3630
2802
1688
475
975
2203
4579
2944
3244
1840
3613
2754
3198
1607
4488
2875
3457
819
2240
4233
218
4378
579
4262
78
558
3427
4090
514
2508
1219
1214
3088
4284
3885
886
4660
975
600
2820
1336
2763
2088
2283
3133
4242
3799
260
2875
783
4369
1955
3330
2991
2081
3270
4930
2856
1557
1115
4598
42
3366
4553
1358
4934
3470
3760
176
3896
13
3241
3918
2935
1831
313
2734
746
4701
1945
3517
3716
415
1186
1575
4554
3131
474
3585
4707
3920
480
394
2713
1787
4010
2969
4347
2480
1713
4162
1723
387
2055
2230
475
2802
2096
3923
1494
2191
2093
3320
784
1184
3304
3662
4393
4864
301
816
3567
4114
3376
1476
4579
1199
978
2541
229
460
1413
3968
4561
2488
3290
2290
4718
2734
3362
4626
1964
2539
1213
4527
360
1497
1805
4995
3794
3524
3372
2727
153
3045
540
2717
3282
1924
3313
1681
2305
1718
4013
4759
2709
13
4173
1090
2615
3916
4907
1841
2438
4612
3036
4815
2094
461
1593
1787
441
855
985
1735
1342
614
3635
3093
4446
3168
1670
4991
3140
4729
3744
807
4345
2714
2974
1391
4053
3818
2754
3377
4508
3755
1047
3117
3229
2488
1302
4633
1985
2666
1729
2304
1362
933
1355
2248
3321
2477
4496
3345
990
2741
1951
1291
4416
2778
3376
237
1593
4349
4971
2188
4270
1634
3549
4384
4664
1824
776
2549
4655
1177
760
300
4283
4639
2018
1177
80
3547
2364
4843
2184
2498
1000
1699
4727
2875
710
3828
922
205
4065
4353
380
4751
4399
1641
1135
427
1760
1575
39
2770
2505
3166
2818
4313
4778
3963
4049
2236
547
3735
2019
3137
3251
2684
4706
3006
292
4724
2478
2906
2385
1579
2523
4985
1245
3769
3758
265
680
3091
790
1099
587
4036
1325
3834
704
2861
2865
3517
3053
3912
2628
4798
2173
4499
1021
673
658
668
2868
690
3349
4235
1914
1123
1411
3265
2423
907
3828
497
1569
1855
3569
4512
994
1647
2984
3141
334
464
4619
2667
3628
1437
1947
2491
545
3437
778
979
3585
1910
1489
3254
1571
4184
2794
3792
908
2721
1507
2053
2511
1189
2281
3190
4762
2288
4322
189
1988
1657
3200
2831
4957
2820
4943
2231
389
1407
3225
488
4974
4330
3332
1649
4062
1194
325
4426
3388
497
38
1468
2939
4235
4105
2918
3428
4113
2445
2504
2719
2609
90
3930
4738
1965
3699
4378
3297
4085
1342
