4671 4073 4872
2715
2024
4299
4676
3003
741
4506
1839
2045
1316
1309
2986
4670
2778
27
2075
2760
4358
2993
1133
1595
884
2701
1258
4129
4239
2620
611
199
1108
108
1195
2548
3661
4863
3188
4651
4027
3215
1932
3879
4758
684
3136
1981
2570
70
4090
4858
3415
1811
4939
3269
936
5000
3141
1713
2391
4840
3557
1467
3012
2169
2021
1347
3520
2328
1237
949
2787
3756
3748
4825
1846
3253
1151
3921
1930
3187
1857
4594
3527
3178
874
3597
2631
3701
3619
1768
4000
1019
3648
1461
1253
795
357
4535
4638
1257
642
4598
1111
4720
2774
1885
3679
4972
1131
209
3599
1058
4616
4986
2371
4044
3305
4118
3998
1094
1908
439
3216
2508
4862
2873
321
4403
1438
4639
1539
3743
2686
4708
799
2249
4839
519
2223
2759
4806
4975
4925
3518
4480
3332
746
2137
383
2729
3411
4658
4942
3728
4157
828
4480
474
1983
24
1650
2082
1562
1853
1781
978
4798
4745
1010
546
2490
3096
593
2720
2905
2973
3774
1324
1716
2475
4523
4830
2531
3514
4677
3815
4117
2020
1991
2546
1903
3324
968
272
1815
3165
2728
4106
949
1889
2838
4319
3009
2333
442
1029
769
2984
4297
4209
1144
3745
3855
4251
4079
1145
4730
1873
1357
1283
2635
670
2092
3900
1187
2912
2099
1639
2710
781
4606
4195
1566
3611
999
4531
1074
2513
1662
861
554
4034
3820
2401
1273
3921
2782
3578
3322
2330
715
534
2267
1252
595
808
931
2022
246
3717
3367
36
87
3279
1505
3876
4027
535
2534
850
3256
3596
1408
3944
1402
3248
1806
203
841
171
3836
3049
805
4597
4258
4860
625
1813
958
4441
4746
114
2178
4409
2478
2687
3340
4716
4256
3734
3114
913
1673
2134
2401
343
2466
1830
1935
1791
1592
1509
159
2686
4792
715
1351
3473
4187
3993
3231
3520
3440
4486
1877
4591
1188
720
1219
867
3405
3320
3855
3491
109
3764
3843
326
2267
3922
1761
45
2794
2652
4179
2681
23
826
4651
986
1198
1564
4307
934
1948
3321
2002
1659
4895
579
2370
719
1719
4116
669
2956
2184
2627
4688
905
3446
2607
809
4226
320
1917
3894
1943
2025
2475
2472
3457
1391
3847
2722
2051
4830
4473
1034
3888
4445
1238
1946
1574
1698
4637
7
1806
1911
4384
4037
1879
1812
2657
954
4115
4690
732
249
182
276
4257
2914
4231
21
4963
4518
2311
4331
1527
2732
3133
1584
4890
4652
1887
4465
3899
1603
2298
4923
4685
4879
3828
765
311
870
396
4535
1930
1410
3104
97
4029
3957
1008
1692
4893
1994
3244
4482
1581
393
4897
3687
2472
1084
4059
179
4699
253
4473
1976
1944
2137
2367
4817
1092
2366
472
4333
2325
8
3690
673
3158
3441
3647
3726
143
3460
4471
1828
2505
2517
367
2557
4944
1686
1095
1821
4760
836
3498
2556
2240
1536
3535
1963
1588
2560
3976
1584
4576
436
1778
4203
3766
4163
1669
2271
3508
1596
3604
1709
1923
2662
3248
4422
118
2954
1312
3081
2279
4574
1268
1519
157
803
2149
2185
2085
3279
11
2963
4193
2297
1759
3636
330
1337
23
2252
4865
2723
4225
4222
2267
191
3830
272
3252
1052
1020
3551
2159
4220
2489
3637
3651
2340
4946
2204
578
4533
152
2204
701
3677
3101
3028
2776
2888
729
1367
4654
3473
4140
3230
606
3158
2414
3568
4680
1382
1032
4606
4903
4677
2241
3669
3712
1481
2932
4299
331
801
1102
3518
3681
2576
1772
4458
2274
4867
3550
1481
4350
329
4859
4436
4079
4999
1393
1700
2078
368
3446
1807
2213
2049
2938
1817
2942
1738
3708
1876
625
3712
1658
920
924
2964
744
1728
2356
2863
2615
4575
2770
1603
4635
555
1857
1843
501
3143
751
1509
3606
706
486
1297
1142
4711
3209
2898
2431
1596
3407
3571
3095
4831
3564
2780
1461
615
1733
1869
674
579
4516
4145
3352
1805
1633
3106
3630
4175
1435
3898
1098
2234
1255
3961
4893
4479
4942
2810
804
2484
2988
4078
1216
2898
418
1003
3374
2169
754
804
1892
32
3865
3175
1874
3078
4556
137
1282
4349
1062
3604
4505
1747
2419
2245
3402
4938
2268
560
4384
64
4738
2059
3890
1624
2561
39
3960
3751
369
1079
3004
2087
3249
105
3584
1949
201
1320
4036
3012
2890
3630
1503
4757
3521
4959
2277
3165
2000
1834
3884
4100
2005
476
3244
3674
3520
3506
2745
4659
3924
2879
4371
3612
1157
2025
2826
3907
4366
2980
961
2957
1628
4250
3929
3508
2280
197
566
1672
2420
2273
3571
3885
410
750
3161
4078
190
2235
928
646
681
2210
2128
1214
4754
1445
3592
1826
3187
2450
2420
3380
1529
4419
2567
2540
1936
1823
3788
1628
4288
3983
767
3329
4851
100
4208
1532
1048
3249
1772
2207
1226
2223
776
3311
1676
1373
610
62
4788
4933
871
11
4442
771
4291
2068
4388
4471
2636
667
492
1348
4006
4300
3942
85
4414
1597
4766
3586
3197
2059
3921
3149
3659
3621
2306
229
4561
655
3467
2332
3708
2938
4998
4115
1801
2527
302
1215
223
3665
4199
3251
4735
4986
1885
3953
4651
4365
4755
725
2111
1201
3694
4981
1969
2049
1052
1455
3463
4197
2831
1380
2291
1568
3708
4917
1534
2514
976
4514
4747
4185
2953
2479
4232
4752
1096
2155
1110
2634
2758
2143
2544
3653
957
2643
104
3865
3298
4084
4800
195
4434
1482
3311
4110
343
1874
2885
4559
1818
3041
1373
557
1645
3641
3804
2244
3051
967
2557
1406
2791
2879
1718
2435
3741
4491
741
4575
1645
3583
2254
2608
2181
4955
3673
2031
2619
1706
756
3958
2261
1512
273
1342
4722
3523
4101
21
2075
1706
3485
4011
3528
903
4352
1622
4898
775
460
3314
4562
3572
4764
3867
378
4820
1922
2328
1997
4596
1558
2013
561
3871
494
4610
3841
4426
208
691
1132
2078
109
4945
3508
2849
3437
1872
2495
783
3327
4349
4553
4867
1169
2663
1763
2482
1494
3881
3077
928
2380
131
3737
2591
146
671
3318
3140
629
4781
2391
974
1153
230
881
2318
1852
990
2374
2398
1796
632
2729
2699
2035
4448
1332
4002
4716
843
1050
3328
3315
4164
3515
2862
1813
4304
2412
4573
4636
1229
3773
913
1685
2741
2626
1601
1283
2855
4534
238
1795
1413
4173
3344
4147
2835
1831
1537
353
1967
1843
1891
4144
4686
4622
1115
887
2814
476
4730
4459
3688
4538
2194
3922
2768
1744
2607
3585
2992
2190
2237
1424
1008
4216
545
993
4998
2655
337
4264
3777
3862
4621
2295
4325
4680
4772
2957
3203
960
2748
4914
4654
2738
1946
486
4710
3464
3230
4029
3728
61
139
1558
1927
1582
4736
1495
1156
2403
3975
1146
3130
1688
2726
2591
3790
1520
4675
4776
1351
434
873
166
1062
2922
778
3234
3553
3715
1753
2633
2628
307
548
822
3342
3061
985
705
4777
17
2215
3431
2626
266
2004
350
4390
726
2981
3600
3592
1273
4475
1404
190
3193
1157
822
3741
46
3936
3809
3414
2687
1804
2551
894
3795
3214
2897
3618
854
1047
3702
2254
1120
1378
2049
2595
4430
952
4649
1315
1864
336
251
3357
956
3435
847
2382
2624
1244
1461
4981
4576
84
3671
279
2815
3702
2843
4184
2256
3635
3317
1449
1221
1752
662
1199
1971
4708
1503
1716
2498
2099
2870
1328
478
4122
939
1575
4956
3844
179
564
405
330
749
1685
4580
4083
2957
2640
400
726
1285
2385
4888
527
4388
2187
4706
4714
422
2529
23
4095
3075
2093
1140
1591
787
311
3419
807
2427
20
181
2385
3265
531
267
3980
3030
2911
478
1518
4470
2844
4162
2166
1397
1799
4865
360
4544
2695
3011
1750
1189
1400
731
110
735
3982
1617
4723
4764
3331
1482
3252
2940
2759
2141
2940
3856
1406
308
3859
4434
3746
619
1468
375
3538
3272
1562
1954
2009
1466
311
4018
1720
716
2991
2435
4369
1910
3302
2044
152
2326
243
4121
4389
3102
1437
2299
3426
2299
3630
2940
3826
3785
3313
4392
4790
261
2848
4456
3131
865
4852
1725
1118
1426
4836
1308
2121
3960
798
2677
3276
1401
722
746
580
1734
2495
3926
492
4802
4043
1239
3975
2859
4259
1325
2620
3013
3758
2728
3067
768
1357
2766
3057
736
4140
4929
1631
4556
1190
3716
3363
2316
4675
2296
1306
1384
1661
4958
4028
2554
291
2157
982
3418
3382
4744
53
712
658
2276
4224
3370
1073
2074
4360
4014
2474
3679
4948
1826
4587
439
3094
3053
4897
4768
3486
287
719
4557
1993
2158
3046
2960
2453
5
4697
4785
2918
2840
361
1885
2169
4405
254
2994
3963
1115
3822
2495
2812
1768
1017
828
443
3078
2755
47
677
16
1777
377
4536
2108
837
4113
4777
3712
4303
1649
3246
3875
3296
4391
1546
111
547
1406
3373
408
3061
1821
3397
1198
53
2465
2720
698
922
593
4558
4851
475
1382
4664
879
2208
3865
1127
3458
1480
3852
4976
2568
2332
1182
320
2652
4636
222
1350
360
2954
2390
3307
4951
3473
4485
2646
946
1
575
262
3971
3353
2436
56
4796
1533
3662
2595
2480
4438
1951
195
1879
1373
399
921
3445
1190
3492
2507
1748
2374
2098
2840
3918
1188
121
1448
1466
4173
2493
914
1844
619
159
2480
2408
2632
2750
622
3838
3368
2980
4039
1013
2644
2281
4520
4070
1159
2026
1478
2148
1221
225
469
3895
119
3809
3345
4539
2568
1324
160
4544
1666
3708
2008
641
1332
1837
4067
4451
3512
3253
3566
1256
550
1243
3058
3277
1203
2539
1467
4223
2978
2181
1273
3205
2803
1595
3769
1642
1059
2648
3974
299
2824
4266
4028
155
2937
1102
2040
3853
732
3629
3887
2113
1275
1525
2513
350
3574
625
1981
831
2554
338
614
2804
3101
2620
180
4598
3969
101
1989
3133
351
2660
2533
1750
4957
3158
1556
857
3597
2161
3105
1876
627
3605
74
2068
579
1815
1809
1838
4080
710
2735
3547
886
4776
2142
1175
2602
4688
1125
1446
2288
4671
1837
2927
2432
489
4854
547
3443
1330
4254
3464
3010
1839
2005
2390
3459
2392
3937
4597
2131
2432
1912
1315
1455
1688
4937
2803
2482
3859
4797
1781
1321
4484
2291
1466
1825
843
3948
1028
579
2898
4618
2185
615
977
2215
2458
3529
1504
2772
3267
289
4307
2524
2984
1914
485
286
3093
566
2688
3438
1844
2323
1443
2622
3657
859
3851
2644
3854
421
1637
1572
3903
2362
4286
3777
2059
3612
688
4696
3308
581
2003
3723
4612
791
3452
3730
3474
4830
2702
879
4839
843
4747
645
3458
2092
1030
940
2964
1126
2187
451
2117
3959
2162
3447
4041
1310
2102
2176
1717
30
1717
3607
4299
1458
3392
4532
4509
4836
4631
1701
2842
3001
2623
297
2221
4726
883
4640
239
1682
2701
84
3908
2070
3627
3181
4820
3514
3067
4127
3809
2937
4697
4604
2173
4253
1309
104
4401
4637
1361
3527
1216
296
2438
2926
3602
2331
2486
4080
150
1709
3744
1192
3435
3537
444
3454
3614
4391
2329
1744
1874
3774
1587
2425
2304
4024
546
4667
1921
4440
723
1940
481
1993
476
3574
3890
4779
2693
2798
4563
1298
3624
3505
2339
2582
3117
2794
3281
3627
1486
2263
1647
3897
48
2788
28
4507
2767
3509
1431
399
3115
2561
1459
2183
2588
520
1382
2072
145
4137
4374
1516
4199
4763
31
2007
2808
4364
854
1141
3182
4397
2654
2759
4645
2708
2501
4208
533
4028
860
2617
3731
2672
2823
1668
2035
374
3707
1632
1118
2826
2977
57
4466
4129
1334
1990
4378
713
875
337
1026
2895
588
4715
2493
223
3725
1499
1877
4287
1993
291
1367
4014
2450
3577
1193
2781
266
4800
3974
15
2650
1552
2661
3327
3135
4885
495
855
466
2983
2007
3587
4209
3329
1701
2824
2235
2347
1306
1717
3415
3456
3868
2338
1793
3700
989
458
2533
4241
2277
918
4893
1654
822
4700
4383
3176
1628
4119
318
3619
856
1708
449
1535
4626
2873
4960
4185
1242
2114
839
34
1130
3286
2016
2352
1702
1577
4107
2720
182
203
2922
14
2692
4855
3788
4653
3859
1414
1688
2779
2177
1955
1089
1103
2693
4970
1996
1927
3114
710
2645
865
2422
3916
3162
4625
30
4195
4923
3687
4483
479
4018
640
1844
3621
563
2148
1490
1829
1314
4715
319
4344
2435
2590
811
3245
1038
170
3749
3008
4930
2009
1135
205
2744
3637
4902
3430
2463
572
65
981
1773
4325
1157
262
3610
3365
50
900
3307
1396
698
4854
1002
2530
1812
934
3764
980
1721
3898
1910
3845
638
2112
2846
1885
2430
2189
3026
4526
3810
4068
4306
1300
3851
1181
3442
3096
37
2764
1157
256
3796
4920
4844
1031
2346
2752
549
3871
13
3783
3178
1330
848
2933
2268
4318
181
3081
2814
929
4428
3184
1334
2831
2583
2951
4120
785
561
2467
4407
103
3943
1542
3886
3537
569
4158
177
4236
883
4341
248
1190
233
836
4363
1051
67
4078
178
4632
4717
4566
711
2483
4511
2283
3919
3744
4098
1915
3997
971
4846
2706
586
4134
1600
2087
2694
1221
2287
214
1159
2643
909
3916
1709
1104
289
4297
4090
1504
1239
2612
3861
4074
1259
518
4791
4475
2855
4142
777
2791
2563
2992
3377
827
938
2641
2380
4606
1909
4269
395
2117
4176
320
344
3176
3461
4528
3471
367
3919
3406
1178
2604
287
2770
4863
443
3323
1151
2582
850
1247
543
3123
342
616
1270
567
4187
2022
2554
3425
1285
711
3735
2369
3919
3768
3546
127
1260
1228
4658
250
4354
832
4193
3780
1319
3105
190
4782
1422
199
517
2683
2273
1901
2826
371
1118
1785
4317
3362
4383
3188
4660
2245
574
2900
4298
3505
3004
2459
4680
2680
267
2453
870
3321
1097
2322
4827
2442
1914
2435
263
4813
2273
4191
4149
4707
4589
3388
2432
3789
4305
827
279
495
897
3930
27
4664
941
2910
3733
2939
3864
1942
3468
290
2131
4619
394
1710
2857
320
1397
1399
4427
4267
2249
1783
4851
3003
2247
3281
1756
173
3538
2462
47
3698
1399
3064
1724
4456
2781
3998
2916
1696
2790
3191
1180
3521
1602
2354
1969
3774
3248
382
2942
3925
3739
2198
1856
4290
4471
4027
4762
2039
2856
1
4411
2935
710
4535
3039
1714
4482
2106
3000
1004
2389
684
396
748
353
2903
4491
1870
280
2827
751
833
2168
3473
1661
4124
3548
2587
120
4815
4328
392
1108
646
3599
1832
471
1958
2639
3801
4699
2224
2959
421
1734
3344
2659
3966
1729
3708
2257
4715
4301
4520
2770
2217
2421
4649
174
1755
4132
1208
1781
2186
1063
4614
2311
658
304
2854
2912
778
3991
4266
4849
775
1340
3447
163
1667
1592
4585
4908
1689
1784
3444
3334
3055
2461
258
1115
169
2614
2554
599
4627
4008
2401
1181
4378
4609
769
4759
4444
2641
4318
2605
3462
455
1301
4029
1392
3210
1865
3462
1194
1424
525
29
1844
1572
129
2246
2232
4268
1704
4469
2573
651
15
3420
2466
151
893
4883
3347
1227
2914
3892
3615
1036
3389
1909
3111
988
4591
2214
261
3659
1092
1069
3786
513
592
2586
649
145
4023
2350
3617
446
4732
2564
3458
2640
3961
3192
3157
2450
3015
4528
3818
4503
2786
3713
1505
1847
1851
3405
4145
4766
1361
1583
222
1370
4277
4578
4248
1434
4254
3688
1275
2252
723
2052
1
879
3781
2054
3334
1326
46
3904
99
1590
4944
4870
2591
4293
1602
4332
2051
564
397
2231
1716
2037
4819
4482
305
1669
3031
4552
3977
1446
4814
2698
819
249
2354
2009
4864
4884
1857
3962
3598
2232
3359
2642
4341
2394
4222
4645
2779
2549
4822
4620
426
2120
4527
340
3727
2190
1343
4935
178
204
2035
4579
2813
2954
141
4173
2060
3343
3855
105
1886
3303
1342
1169
32
4809
4278
1229
381
261
1044
667
1763
771
1248
2026
756
3235
3019
4431
3178
2531
3605
1642
3961
4298
2764
194
3324
3938
3496
3975
562
969
3307
2052
2363
3933
766
4064
1297
3606
4620
988
2584
3012
1877
4423
4391
1199
2129
1651
3640
1547
3547
1648
3058
2744
754
4125
4758
2036
3973
3436
4759
2271
1045
3701
2032
3729
1859
2460
253
2833
3129
4834
1260
2845
1255
4084
3183
2845
3780
3915
2514
2810
273
3034
4707
3631
2754
1020
3031
504
3787
3574
988
4791
919
1753
4660
3622
3489
1828
972
1163
2447
4029
1203
1643
1917
2663
2097
54
4686
30
717
3129
2288
1256
184
3299
2039
3746
4842
2966
3316
1808
1115
464
2446
2224
1439
4276
1537
1475
1957
2296
2204
578
4805
2074
2062
909
928
2130
6
4273
3246
368
2019
1927
2367
4893
1526
1433
4107
3097
969
1935
1495
322
2836
3630
3137
1787
613
3238
4182
2161
2642
4154
3406
3789
3855
2
4110
2207
4158
790
4005
1370
565
4332
1831
3383
3381
3245
3612
1760
1638
1686
404
3249
1773
4395
124
3626
3440
3800
172
3651
2393
4414
4609
1588
1633
377
3778
4017
192
3515
4911
783
3256
4364
2530
1158
3179
4866
4294
768
4444
3555
1760
1260
4100
3707
2049
364
2088
1812
1463
3792
721
1415
202
3443
3269
539
4709
1497
2233
1706
847
3941
3441
1934
1999
2770
3570
778
2092
4036
2987
1606
339
3196
4357
2875
4877
1674
4411
3507
2137
3583
3230
3184
1290
4981
579
4690
2447
3986
2960
4374
4954
150
2491
3814
3974
4710
4657
2033
3693
4599
1680
2639
1812
4518
3448
2277
1015
2662
4694
4491
4314
2210
3796
901
2667
970
3137
1638
2111
110
3465
1042
2373
3943
214
3519
432
1273
1507
2529
2900
1330
902
885
3764
1418
3118
3635
1509
4881
1995
2052
4094
4396
782
3666
4121
4395
2435
1829
2212
354
1448
723
2545
2936
517
4757
4188
691
2127
2111
3567
4990
774
2107
4053
859
4088
510
4541
1820
4203
4667
1897
1923
2818
3943
3811
706
3681
4454
1756
1448
736
3284
4542
3517
4998
4363
2286
3319
3011
2389
3261
3983
144
4954
2550
4685
4693
2928
4549
4354
83
3286
2735
1806
1400
320
2891
940
3757
875
3536
2699
4031
3762
2260
3017
2377
3198
4923
1594
4594
3821
4737
4052
429
4452
3603
4960
3788
571
1475
3350
3359
347
1855
3311
1477
672
480
3022
2649
4915
2405
2883
2903
536
2199
2281
435
4846
520
341
4824
1653
4104
260
4806
2972
2137
4310
3587
4156
4910
1238
4346
1844
1573
232
1747
981
2406
2664
459
4934
1613
4234
2720
1924
2126
837
4470
1240
2198
4068
822
3991
4422
2736
4932
613
4023
1233
3159
886
793
536
1818
4154
1724
4595
1866
2765
4880
1959
2309
4140
2355
2910
1246
3507
4598
4623
1795
2253
2491
2200
2578
3149
630
4258
2469
3508
1743
3668
3357
1005
1285
344
533
3623
3414
2168
1118
991
21
255
1449
3103
2014
4360
2166
2519
2491
2160
1538
555
1628
4267
4387
659
4552
3690
1119
3853
3229
287
3786
285
2869
2681
388
3948
4189
4390
2349
2034
2840
4131
573
4739
4554
331
676
4997
3054
3987
379
1043
4703
286
3719
1181
838
3404
2047
2927
4285
4698
3704
193
188
601
3909
4070
4936
1467
4965
1436
3158
4409
877
3376
1173
2015
3775
2990
3429
1674
1238
4556
4363
1406
3651
4131
3917
2825
304
4280
4383
1264
621
3976
2476
2118
3939
4717
2446
2323
840
4491
1821
931
1378
2830
3104
819
4693
2934
2491
4932
881
2782
2081
4889
3089
1770
1645
2391
1513
4405
1943
1143
509
1962
4075
3350
3286
4947
1463
4832
4775
1230
1558
167
857
925
832
527
4113
3986
2079
162
2201
1778
3106
1158
4772
1020
2476
1288
4873
3068
3061
1651
211
2154
2584
1229
4776
601
1442
2085
1138
2288
165
3317
94
1710
1491
442
1320
3226
3399
2314
3209
167
970
2988
3280
334
4400
2644
4667
48
2366
4603
4141
3585
4078
3857
2854
1590
1352
333
2070
811
2629
2436
4315
668
988
4195
2741
4759
3067
2206
2051
3062
2632
1242
1001
4901
3164
958
1984
3004
3028
1701
1715
4332
2084
4336
24
1830
2763
192
3192
3253
761
3600
943
187
2198
594
4908
2304
612
4117
2331
4675
128
1155
2939
3528
2692
1349
1929
4380
2218
3358
3063
3902
3287
4930
575
2110
3854
3837
3047
3058
1429
74
1051
2420
2780
1104
1407
4896
3032
4844
4747
3846
3393
2379
324
2624
985
163
3042
3986
1166
3222
1452
3589
508
1195
2910
1138
828
591
1538
1392
1467
2043
4505
4029
3248
866
1691
2718
1721
3291
2458
4642
3056
4808
4136
2517
3673
2528
4761
792
3482
1612
2693
938
1553
2084
3287
74
2968
265
4111
763
3096
4455
756
3592
318
2846
1915
4322
601
4234
3078
895
1141
3401
3964
2360
1716
3891
4300
861
3022
4635
4837
83
3618
2147
684
2305
2974
4473
2375
2596
2618
4218
2818
1016
2265
612
452
4412
2348
21
4529
1864
4256
3461
1605
2546
1046
955
1056
147
689
4230
1818
4418
114
91
4242
3148
1490
1621
3909
4527
2967
4
2654
2982
1326
3593
2864
2630
1524
1848
1507
711
1818
3294
1363
3416
3071
410
4714
4516
247
4972
3288
3714
4883
459
75
2415
3787
1503
2034
309
4584
1863
535
1992
416
2256
2459
4909
554
20
4512
3948
1449
4835
4297
272
2019
4176
907
2035
3602
2701
4813
1114
2114
869
2493
3569
1607
711
577
975
280
507
106
2145
2795
3725
3474
3032
4496
1935
708
2928
2168
470
2669
240
3149
1076
2552
3917
4199
69
1536
1714
1096
1265
1920
2164
3002
4218
1030
4681
2916
1838
3107
1572
29
3563
4014
1982
3842
875
1986
1381
2286
2397
728
3666
1137
4420
2563
2304
4040
2220
4141
825
1511
2706
1815
52
4577
2523
1341
655
380
956
1600
4549
4499
4344
4153
379
1772
904
3387
1148
4893
842
329
2695
4894
910
3583
1676
2637
2934
3736
2025
3952
2547
3109
3946
525
2825
331
4256
3012
1296
1921
3351
2056
1491
577
78
341
3980
764
3607
4761
2550
3911
1926
4291
281
3186
1546
843
1617
671
4061
1834
4676
3364
2008
3759
1272
404
1768
3548
3207
3407
4038
4415
2104
4958
3360
854
2942
44
3187
3228
869
228
4430
2350
4134
969
1553
1372
46
2829
1431
1810
4701
4056
4164
2945
2725
930
2690
544
1298
1244
4589
338
43
1839
2490
3126
4561
714
1998
114
1751
4510
337
3844
3141
1752
450
2903
3629
930
2315
3258
350
741
1500
36
2533
4785
4412
523
347
4032
456
53
4444
4786
604
2337
1985
1635
1413
2659
1763
2188
2339
2583
1560
4094
2266
4490
304
993
2698
3899
4885
105
2104
2015
2108
2237
467
112
3237
3153
1275
174
3685
3344
335
3923
1570
4035
1461
2821
2409
1810
854
3436
1126
2077
1900
1822
68
3169
277
1646
221
3078
4812
3860
4203
3449
1571
3085
4264
1777
2589
1609
2758
4920
850
2102
168
3418
1069
4184
878
778
3849
4756
1886
1506
2799
4027
2100
2561
2688
2579
1405
4951
1060
429
1935
2858
3349
2248
2017
2291
2781
4705
4658
3050
1366
1882
710
3560
2846
3354
3125
3425
3881
3336
322
4883
4099
2526
3518
3369
3143
2788
163
335
513
4309
2009
2880
4839
3522
2183
3997
2314
3012
3356
4971
748
1595
4705
3818
4210
365
2166
1205
1323
4557
3513
3163
3645
3525
36
2924
3506
1583
4575
4936
498
4933
3094
34
1935
3744
2271
4603
2601
560
4713
298
4198
4942
696
1153
1739
2397
1783
2919
3595
3510
250
380
2067
4010
524
3129
264
3434
3049
1476
3876
3808
2525
1580
2084
1683
1146
2761
3721
3080
3623
2201
4352
3664
397
3143
1493
2359
344
199
2150
4244
1943
3696
2619
3060
3204
1190
4100
1741
3385
622
2981
1643
788
4454
4093
1835
4103
3527
3019
401
4127
1134
4655
294
4683
231
1589
4930
1647
3425
790
3151
653
1710
3417
2404
644
3890
3690
4278
4053
4674
167
3476
49
2265
1526
3896
568
3264
301
4481
4568
3230
3692
28
3680
1690
686
2211
1506
904
2637
1478
3039
1224
1199
4337
3660
2702
691
2066
3422
2134
121
4165
569
3334
4082
3707
2321
3766
1409
735
4201
2564
1204
3382
1136
3826
575
4701
3579
2948
941
3505
328
4603
2923
3416
1907
3415
4613
2337
3214
2940
1863
1437
1954
1644
2850
2713
3942
3144
3236
2784
3403
335
1837
1938
2937
3769
3263
2339
470
4372
2955
2376
760
343
2130
3599
4788
2372
3238
1970
4923
2120
4976
1514
4180
4394
3919
1743
4693
854
3867
1032
1286
4686
2074
4586
2599
3927
3537
2952
4239
1452
2361
2607
1152
4584
1601
1363
2159
4154
1996
4904
2345
2059
3842
4486
2129
2151
4459
4949
1924
1224
4957
2125
1342
1712
2676
902
381
2223
3480
692
2328
1735
3815
3104
2953
2789
4828
3725
912
920
1021
3942
92
1063
341
954
2172
2671
4485
2989
4894
3232
596
3671
1034
4817
4163
1826
3881
3697
338
3986
1735
2059
4237
4800
2230
660
1692
383
2657
2073
2351
4431
2980
4762
3080
2700
4800
1201
4425
3050
1475
3148
867
80
3943
3380
2639
2214
3917
3806
1030
85
940
374
1606
702
1034
3160
3860
1376
334
3470
4689
1552
405
3454
3613
3809
4320
1083
452
1483
2028
3673
806
2065
996
1922
3771
593
3282
3479
4589
4386
502
1429
4039
2121
1435
3506
306
2702
1579
3788
2409
3683
1475
1210
3336
2113
4322
4410
4865
2332
1588
2020
3366
804
2049
4634
3260
830
3199
2115
1512
4713
4092
2395
543
3058
306
1749
4746
4077
3677
474
2317
2123
2255
4155
1710
1819
1923
4278
3311
2396
1639
958
1239
2537
3298
2169
4684
4346
3042
2290
917
466
2145
540
2007
1273
1709
3374
41
64
2727
4121
1934
3176
116
2696
2131
1261
2132
2402
1356
3315
4250
2143
3059
3960
3364
305
2049
1133
1026
248
2499
3881
4286
416
4012
2157
254
1067
4450
4205
1138
4594
56
109
4873
4412
2896
2773
2932
1884
3726
2556
4619
4450
362
3292
1026
4419
2048
3928
452
226
3239
2038
763
1826
3349
4084
866
1899
3858
2291
1707
4596
3551
1278
3719
712
1409
908
1194
1953
2933
1644
2641
725
1388
1920
1459
4821
4020
3621
738
701
2050
111
710
4933
4337
1710
2606
1184
2134
4308
4094
1714
2901
1763
1569
1869
3063
450
3055
2919
481
3224
4777
109
2027
3960
3465
4775
4700
917
3965
742
2864
3798
1693
4646
3997
4557
4379
1495
4118
4602
1654
2271
1916
4087
3815
3798
1505
313
440
4883
768
1765
1942
4744
2500
2549
4235
1286
3239
2957
4880
4663
4483
83
3970
897
130
3574
2338
3861
2704
3949
1968
3782
4130
925
4837
4050
1234
1851
935
3565
4622
1177
774
3547
1051
570
1713
2346
1123
1163
2316
1230
2393
4783
1537
1836
157
681
173
2471
2122
2365
405
4851
156
1676
1203
3070
1768
1203
4208
3528
1829
3503
4283
2394
2058
170
3084
3872
2744
2237
