4586 4593 4127
2997
3856
317
2313
2386
2687
3358
1314
434
4018
3593
414
1396
2166
1150
3067
1803
815
4763
4287
1011
3921
648
1618
283
4113
4325
3533
587
4846
3623
1333
4204
3530
3186
3603
177
997
4366
845
3601
3263
1008
462
1566
3518
4310
1835
1718
3776
375
264
3059
3097
3971
922
4399
1640
378
2448
4150
1055
2930
4473
1373
4809
3931
3962
675
414
4510
2896
3540
550
4720
1276
1040
4769
4683
2413
1026
552
3254
4884
3716
890
1407
762
1453
1637
4279
4976
4399
3913
4791
3599
2760
1924
4312
3108
3210
673
3216
1264
4702
2148
1538
4692
4019
204
1089
811
4048
3352
110
259
1574
2186
1203
1805
3868
4778
330
402
2632
3878
2223
2626
944
1081
4271
4221
2879
1949
1152
4295
2693
4452
48
2689
4686
2712
3097
1912
1632
4608
704
2092
3556
830
3410
1780
692
840
2217
4277
4301
3172
1241
4744
4613
4019
1462
265
4355
3338
1516
1050
2337
2012
2668
583
965
212
289
3538
1359
2594
1077
1929
1431
412
1436
477
2117
3551
67
732
2628
1907
1871
3906
454
2438
1569
3369
412
1413
2752
2784
402
2681
1785
46
4932
2032
3637
3566
3014
1917
2639
1218
3346
2134
1183
4544
329
3705
3855
4833
1966
2956
2292
2946
68
1888
3737
4575
3381
592
3123
4725
399
1938
2040
1651
3109
156
2760
3243
4919
1193
3137
4049
4531
2499
4890
1866
2924
3323
2529
1366
2372
4823
723
35
2182
3322
4883
1295
4036
547
4933
1725
3359
4924
520
4898
3529
543
2517
1743
2966
3650
2709
1480
632
2179
2694
35
1892
599
4017
749
2673
4934
996
157
4614
3425
1535
4527
2350
3163
2553
3858
3885
2949
2367
563
1168
1059
389
3749
161
1427
261
4587
2593
1547
609
728
936
1474
2968
3858
1260
4304
4593
4800
1714
1512
1142
3077
1996
139
523
3685
3252
3776
2705
2840
4283
2816
3273
448
4692
1337
3674
208
2339
596
2992
2817
2834
3924
246
4724
1467
1210
3115
1702
1715
1218
350
2590
4836
62
2845
4356
2992
3642
2028
3893
2609
2427
3622
508
3286
2722
2601
2764
4875
4552
2594
172
2876
3278
1069
3892
3334
2282
4841
3478
108
2853
1997
1184
4840
3490
505
1535
67
557
3988
693
822
4542
9
4724
2798
3677
3116
2227
4115
4012
4822
4435
2757
3188
4441
4456
1241
4325
3880
2718
3132
3735
524
1139
3001
3777
2498
4714
3034
4344
657
291
3875
2567
2382
4780
4854
4441
1697
1118
2800
3147
1925
1049
3696
3210
1313
1118
4335
3454
3742
2985
4146
3211
2595
4202
2433
3079
2045
1541
1989
796
1100
4251
334
314
1924
3285
4417
3882
3067
3340
2575
53
2030
1885
2477
3940
1699
372
2099
3104
3478
3074
2877
3447
1799
3410
1608
4453
2637
3142
595
332
4560
3589
573
1943
2545
1628
4462
4310
3192
3995
1043
3341
1554
2389
1065
1844
3618
4916
4729
4851
4712
3430
1777
3951
2453
2455
3071
420
1889
1344
2769
449
2234
2200
70
3465
2842
3749
4667
2927
3669
566
4840
4731
1988
1836
3672
4295
69
2303
2026
3046
3771
839
4498
2006
1781
2821
3928
2967
2659
1536
1834
1716
2719
4178
4587
2656
389
3445
722
4331
2998
2223
697
1410
1486
827
3894
4830
3764
1595
66
1349
2771
321
3051
1371
4988
1823
3926
722
348
103
2666
4600
3822
4725
4460
997
210
115
4097
1093
4819
2323
3455
1185
2801
3614
1683
1076
249
2393
3796
3992
1858
3489
4759
509
1483
2783
2450
129
1990
1574
315
1562
1030
606
3933
2372
3997
2029
4133
3439
163
4454
1523
136
227
3557
1355
155
577
4829
3096
437
3881
1089
2717
723
1414
948
3607
3552
2348
4417
1773
1241
929
3689
3977
579
4224
2860
1235
356
533
775
1947
2571
3269
530
4511
1476
4593
4917
2220
4198
1069
1148
166
3798
3861
2415
4816
1354
2458
3946
1460
642
3698
4742
996
2675
338
993
1416
751
2685
468
2767
2737
2634
3952
3143
4849
4985
2185
2512
1816
4844
1536
2582
2668
4033
2759
320
592
2282
4422
4214
3248
3169
1291
4789
831
2702
572
3715
4062
4266
4536
4605
3530
1597
4587
1153
5
3896
3826
3652
5000
947
2490
914
100
62
937
1999
2338
4905
4025
3352
1213
3149
2897
3182
968
945
3988
3071
3648
4924
4308
235
1541
4846
1293
345
11
4908
2304
3663
1530
1192
3959
3346
1214
3116
899
4686
52
174
3127
493
2644
519
2068
3306
520
3971
2163
4308
1358
2168
4321
2518
746
4815
1619
2590
492
2683
2004
1421
3792
4063
3260
4137
2443
4776
1439
4622
2108
774
246
1391
590
1883
4818
2143
4587
934
2960
538
2808
3660
1961
518
1173
3206
3769
2115
3533
400
2730
1085
1780
166
717
2904
2505
3148
89
2589
385
1309
3338
174
4883
956
3500
2234
717
355
592
4344
1096
1113
2490
1522
3485
2711
1763
2724
4930
4479
2390
3499
984
3402
278
2435
1891
4070
587
4878
396
4042
289
3438
183
2885
3391
1645
2839
3687
3351
1167
360
1249
1344
1131
1611
742
388
1144
166
576
1261
2089
4405
945
2945
3298
980
2195
4256
1116
903
3454
1580
4812
1612
4976
1042
2685
833
2574
3325
3491
734
4292
4236
2166
3448
4365
2289
4183
1294
4206
418
4489
673
4848
1454
614
1317
2855
3637
852
2913
2002
1565
3076
883
992
27
4641
117
2699
4695
614
1288
4679
1601
2350
1901
3659
99
977
3519
3284
3888
3558
683
1364
3155
219
3196
4017
3376
3375
4271
2392
1195
3838
4464
2845
2589
1098
422
1038
3431
816
2995
3051
2036
4599
2691
14
2048
4519
378
2521
2687
3359
4171
1024
903
3672
1044
2124
4289
1194
913
1000
85
4665
1594
472
161
3635
3145
1946
2264
2705
594
3730
3746
4998
4454
3743
1141
1788
4577
32
3897
1178
3110
4422
1587
2039
4455
4793
1511
4935
1838
4883
3009
1299
3632
3378
376
2469
148
3143
2015
1902
4875
3862
4462
4265
2153
4127
3645
1940
4292
81
3410
677
2799
1541
2818
4618
3093
799
574
3649
4982
3269
4987
4565
4232
509
4574
337
4707
3252
487
2473
3544
3976
594
2122
3354
331
628
751
3998
3212
2385
171
2427
3262
1617
285
3380
1348
3949
3869
1351
4710
3200
553
2043
1789
2465
496
2220
1580
150
3879
4330
2933
2662
1937
3118
14
2783
2380
2633
1429
1532
4034
3399
4473
398
1851
858
1048
4647
1075
4620
61
2429
2077
650
2362
2321
1403
4054
2375
4472
4317
3714
595
1680
4629
3820
4341
3964
2049
3470
161
1596
377
726
1475
3144
520
857
2877
3280
2119
4222
3859
1767
3993
156
2949
1369
1893
867
2375
583
1379
2285
91
4465
3584
2601
2302
4604
4954
2404
2855
3425
2302
4364
3138
230
4519
166
1880
4755
4471
4255
3357
4537
4317
1676
4278
4224
4501
9
785
4572
4957
1829
2327
2875
4726
3163
4781
814
2906
3831
1295
2427
3954
4507
2443
2336
993
4926
2271
4367
3503
1686
4828
4031
135
3702
1347
1088
3789
2005
462
2663
2170
793
4361
819
3638
2132
4851
4274
794
397
1724
2521
1013
231
1202
4973
1727
1437
322
3693
881
3739
2156
587
4532
636
2805
2234
1760
658
3680
859
4410
2723
584
1712
2674
173
4700
460
4757
4054
2694
4446
1255
2950
909
1939
851
2355
134
2453
980
3433
510
1277
3633
2087
173
4875
1223
4462
4263
287
1610
4394
3573
388
1382
1909
1362
4874
4320
1343
2332
3129
1831
3979
2156
2927
4350
3473
845
1419
3819
1753
1288
4166
267
216
2352
2796
1111
2874
4638
763
4541
994
1778
3021
1413
526
3720
2910
2720
4032
3100
651
2842
1602
1869
3092
3783
610
1906
4988
1463
1621
435
4981
1250
2296
3121
596
4128
987
2877
3671
858
1404
3985
3683
1154
1842
1714
3021
2394
4354
4655
3106
1609
3476
2045
2910
450
2171
3537
4665
3089
3817
3815
394
4122
2791
1160
479
3372
3883
3011
3905
2200
3280
1346
4762
4112
4301
2578
1868
4774
623
4209
31
2913
2112
3465
2665
3281
3763
2010
1240
2573
1212
4727
3462
2079
516
2455
1517
4487
2673
1190
4678
2247
2562
2461
1248
2630
4483
1154
704
2094
1683
4126
856
678
1926
3727
406
467
789
2810
2374
379
3492
3900
1460
3303
276
2154
1233
4888
4906
2116
1972
3133
1411
1569
168
3956
4097
2005
3257
2412
4456
1962
152
2237
2278
4312
2192
1190
940
1162
1973
3308
1802
624
3369
2036
1619
2038
784
2657
3556
3842
445
154
3447
2903
1872
2555
1508
204
4410
1503
3311
3429
3354
1935
4684
2362
2516
381
1990
3701
2077
136
272
3662
2508
1280
4126
4827
4109
788
4860
630
4753
1279
4808
1557
2551
2644
2091
5000
4914
898
2672
3381
1943
646
1052
4450
846
4954
4022
3320
4635
4243
3248
3418
403
3608
836
2538
1725
928
164
776
3423
3262
1443
1797
2744
3568
1774
2632
2255
4826
2262
1774
1424
2515
1551
3502
1777
511
1882
3302
2896
1138
1273
1021
4842
3783
2787
3604
3659
1386
4688
3052
791
99
3905
3001
649
861
2127
3297
2269
566
660
4043
1666
1141
53
3699
250
1688
1269
4912
2685
1564
1071
1907
1050
2429
2896
425
3337
2886
1037
1814
482
4776
1764
3381
4086
754
2407
1224
2561
591
3357
3620
3718
61
2098
2677
875
1817
1091
3491
3010
3416
467
863
4668
2214
3539
3993
1278
3230
3619
2534
4336
2821
4173
3189
2844
2874
2274
53
1538
3539
282
1886
141
3526
3305
635
1167
4358
407
2108
915
662
822
59
4677
2297
3444
676
1643
4811
3286
1063
1064
2139
1656
3611
4150
3417
4279
3371
864
1865
1109
636
2743
2845
2299
3854
4569
992
1773
3110
4132
3406
3348
1335
4993
3043
1253
1196
393
3169
4780
3742
4075
3743
4823
2565
261
2897
1798
4259
4410
3604
1153
3015
2007
2080
1925
3086
1592
3106
3186
3500
527
902
3085
2462
1968
3989
236
1050
1699
984
2933
3714
3266
814
1889
945
3175
2473
2493
1956
4236
3580
922
2114
2903
461
1741
1999
585
2286
4605
475
1848
3320
4040
2868
4019
1874
1141
548
930
1864
3331
1995
4309
4287
383
628
592
4983
714
2633
2512
3770
2670
1519
3237
1294
3880
4157
1110
2297
4436
2997
220
4212
3020
4002
1154
4416
1930
1426
4583
4901
1738
1208
1277
2224
2773
2390
2889
2728
4563
1337
446
235
1523
2498
2565
503
2549
1590
2386
2304
4598
3033
687
4891
733
624
3813
4429
4777
3344
4836
2341
3270
1200
4111
2579
2378
4510
142
281
283
4358
4997
1608
3400
1443
905
4010
2704
2774
3549
2171
3427
2187
4505
2996
692
4876
4098
639
3203
420
329
2270
3382
836
1624
3199
838
4731
1956
1239
3909
2697
1494
4652
3000
2716
1514
3370
2861
1653
1760
3971
2519
3096
1970
3027
4062
2399
1115
3198
3586
97
3677
1185
2163
3363
4234
4336
254
3937
4844
1810
2025
596
4632
3076
4480
4818
4797
3991
951
4008
802
3438
98
580
1446
2513
1644
3960
1211
1157
4753
4400
4439
2352
2118
2649
3077
3399
4490
2794
3013
1303
2930
2331
3732
1587
1106
2732
2559
589
3112
929
4573
671
2774
797
3284
3102
341
2153
49
2214
3222
2518
3158
3644
1164
1365
1947
2358
219
2220
1302
3264
602
2499
32
1164
688
2643
1308
2918
3207
1048
512
1750
884
2709
4879
297
3819
4284
3689
227
2716
2489
1499
2879
218
781
1549
4279
2012
1594
2307
1005
1483
1074
3482
523
937
2087
555
137
4370
2475
2459
2690
2129
4482
2895
1091
1452
817
2074
1226
1384
4001
2500
1736
2419
1337
3561
816
4161
4185
3078
4020
86
2040
1648
4167
1490
1298
1833
53
4513
3881
2926
408
332
3623
1482
3043
4616
314
2454
2584
4572
3726
4833
4986
3413
4311
1073
3644
1862
1389
3415
303
1848
2168
3116
3727
4838
3304
3010
1828
891
3974
4842
4241
2774
3450
1375
1510
2697
3541
1629
468
2747
2562
1559
580
4493
2103
1027
4113
4390
2152
2412
4200
2744
4248
502
717
2068
4496
1487
4078
3275
4168
1886
2227
1798
2354
3027
1462
4150
1785
1390
3675
4609
1617
1172
927
4387
2825
4573
1440
2938
3132
1856
3425
4633
2565
1340
1135
3346
988
1239
2643
3308
722
2179
3908
646
862
1058
2192
4014
1035
2833
4053
889
4102
616
2544
5
1147
612
447
816
3822
4236
1692
632
3150
786
3881
994
477
3656
4190
2494
4424
1219
3149
1529
3568
2381
2174
1016
729
797
3227
2275
4210
2562
3252
4503
402
4299
829
4089
277
2643
3850
1757
802
654
4376
3310
1914
602
623
4760
66
2540
62
2112
23
3950
1761
2004
750
1442
1632
449
2859
3287
2596
257
1838
1747
1852
3060
197
190
1904
1162
4399
4063
3831
2953
2173
4038
2608
4051
3743
1702
788
2331
272
3482
629
840
2694
872
3084
1004
3990
3858
329
3420
1512
2777
1033
1779
2785
4478
617
4840
4807
958
3004
3932
179
2386
1213
1160
906
479
1974
4565
1565
1660
2105
213
3448
3416
761
4535
584
4064
651
547
2862
1647
1078
2014
2754
1141
1106
2084
1013
1218
4056
918
1429
2589
3732
2050
3536
3327
3459
1468
53
1946
2504
1613
362
2258
4576
4719
3361
224
2107
2821
3113
78
4142
3960
38
2749
1764
3850
3209
3941
18
788
2158
767
3523
1556
1912
2043
1763
3576
3790
4963
2240
493
1156
2556
3043
2805
4162
951
2262
2491
2149
2572
139
2555
2755
3145
4200
864
1298
4754
124
4079
1678
2427
1753
1235
3954
1105
221
2021
3314
4661
2150
2444
508
3099
2309
1552
3248
1126
2384
4008
4706
971
3292
1854
2228
2248
4538
3143
1794
2766
4064
692
2702
3554
4799
4277
2698
2222
4257
4448
4631
970
3994
4057
4727
1667
3633
1663
817
4705
2714
4131
2787
4149
4266
4841
4297
1653
3541
671
1876
54
1192
3139
4052
671
3829
442
2319
107
2431
2836
1075
3769
3481
4221
1192
2465
1280
2292
1635
1600
2043
147
1603
2984
3359
151
86
4793
3313
3022
3079
4896
1858
152
2963
4864
1299
2393
1861
16
1809
1982
1848
4325
4832
4323
4978
3549
3303
1567
4154
3252
1503
1701
915
2450
829
633
2058
3134
3512
5
3654
4636
3159
4955
3708
1998
535
533
3771
2580
4486
2271
3166
2143
1685
1597
4285
4501
2058
1052
829
2821
2272
2289
3241
2656
4959
1352
1814
361
1825
3083
2772
2963
3848
3382
4015
4592
452
2652
2599
2474
2995
345
4651
4247
4071
2265
1200
718
4483
2618
1605
3013
517
1923
2791
1103
1536
2480
4051
841
3322
4133
4288
1447
4828
711
3619
652
4294
4843
2596
4807
2704
3237
1832
4875
4943
4700
1099
4097
3090
3882
1600
4953
2746
4425
4577
3203
70
2554
4155
4036
2750
53
1821
1640
1054
3306
780
3661
3285
2961
225
4918
4806
764
838
1899
1386
492
2850
1193
3570
3951
3670
4384
2881
3076
1238
3324
3447
1099
346
4324
2405
4847
736
2441
905
1464
93
677
3783
4111
4946
2290
1663
3815
4622
942
4209
1269
4510
3146
3493
2518
2548
4490
1169
4690
2007
1520
1761
346
1406
3403
1141
418
4976
3255
223
4682
3553
3920
2496
2187
3459
3494
3442
121
151
4838
4832
4192
4146
313
1112
1040
2823
155
2213
572
3743
460
2906
1901
4383
1419
4300
3205
4732
986
4444
431
4032
2335
4999
2537
4612
2771
2203
3421
4215
2016
4704
3366
432
4434
714
1037
2527
4553
3905
2895
322
4931
2794
109
1359
1906
206
1883
1849
1318
960
3751
1538
4049
509
2919
3070
2731
2817
4084
575
325
3072
923
4648
2957
2875
4095
3891
1571
1380
3728
3278
81
897
1618
2585
1048
561
832
306
1482
3905
1982
2809
2909
4898
3971
478
4071
1174
3386
906
3099
2310
1952
1632
4681
2652
3170
1713
1804
1373
2555
2475
2457
1089
188
3670
810
1515
2329
3844
1516
4549
881
1293
4136
1811
3743
443
4397
981
4826
1164
2782
646
656
2581
4084
1502
3469
1180
1551
3141
1806
1367
1924
524
4226
3158
1547
4966
1963
3563
1318
582
4483
3315
656
4502
3942
2688
2752
3502
1822
1046
2890
1632
405
3829
1627
849
4870
3046
1788
4341
4185
4495
282
2972
1880
1208
4851
1723
2308
4149
1460
2612
2227
4493
594
1030
3307
2064
4275
3188
697
3611
3105
4761
1259
820
4205
2666
2316
2914
2498
1929
3741
2556
4120
1662
3908
4719
3368
2337
4
474
3240
3346
3127
2924
2110
1535
4275
4431
2752
3100
2112
1826
3255
3730
2154
1954
4073
4615
1363
3198
3350
3686
3379
526
3950
1847
391
1125
3389
1206
2470
1562
4433
3619
4739
4812
800
4365
2645
3179
2004
1609
301
119
2911
3555
3398
3922
4418
703
4543
1167
1570
3335
4882
460
664
1623
1273
81
4598
2076
1110
506
1488
4888
1843
3024
580
35
382
1672
1205
2071
4583
4912
2434
1073
3622
1785
3101
4582
3620
3460
2515
434
4420
1089
357
2267
552
473
1675
1108
3023
1435
3257
3249
2544
4248
4326
3816
3095
3649
451
1112
4655
4025
847
4463
3801
1716
3678
4432
1592
4293
4608
4274
2463
4198
792
314
3701
3337
2009
4321
88
1400
3840
247
1845
783
2734
4268
4631
3000
2092
1670
3564
3547
4761
723
1505
3514
2113
1900
890
4973
38
200
4487
2064
3225
3549
3334
246
943
3992
4919
2756
585
4450
2311
4416
1435
1739
11
3723
1834
2479
2779
1499
3522
1324
1997
3888
3191
3649
20
1146
1744
242
1674
4012
497
3528
4101
1693
4952
991
1748
4909
3925
2528
1797
4018
2512
4090
139
3918
2440
3210
3777
4
3245
1960
4412
4599
3799
2654
3170
2615
1920
3773
2034
3831
1804
2906
2557
4250
2719
1785
1955
1097
227
3060
2884
498
4422
3737
3323
4906
2052
2958
629
2416
3766
4412
1918
2822
3308
1935
836
2955
734
396
924
3930
4898
3592
1163
2595
1927
800
3137
705
502
1745
1904
1622
1102
4580
1002
4000
3268
3391
2393
1158
1715
3327
2638
2307
4235
4060
3421
3150
172
3448
343
2657
4495
4708
4895
2541
4265
1014
222
3351
727
1949
276
464
1505
4102
815
2029
2939
3783
1102
2998
1202
2533
4571
3786
2111
4186
2414
1824
1556
1952
2792
1096
3373
329
951
4884
529
3876
929
4742
3563
338
782
1227
4660
3274
1889
2458
159
3751
1200
4658
3938
4836
2912
493
2430
3399
3825
1115
2191
2227
3694
1964
125
2764
2606
1585
894
1133
3225
2500
4950
4606
4603
728
151
4940
2591
4205
2833
50
3208
4102
11
1439
30
4102
4265
3689
3542
2822
3057
3184
3381
836
2277
2150
2260
3723
3241
4439
2174
3134
1198
1726
3375
1786
1437
968
1539
1692
1117
2168
1634
2810
2344
2961
1803
920
1937
1677
625
4282
4142
3695
4463
1929
517
4520
488
1133
3894
1602
4039
4572
854
2657
3424
594
3042
506
951
4751
2600
3317
1442
1453
147
597
1516
4983
1043
4999
4669
1643
3517
3765
1259
1389
4485
4666
3250
2837
1315
1961
3056
3116
2459
1343
152
3655
1006
1253
503
1639
2073
983
4567
3864
919
2955
1258
1544
3962
1167
3430
2589
3076
4981
2361
4596
3444
2367
2420
1603
1348
4692
4005
2267
4179
886
1434
2611
2970
3240
3539
1142
4151
3563
1364
4172
3412
756
2179
640
2138
2148
629
564
186
2353
4761
409
2412
2067
1168
2510
81
3652
4506
1001
394
3878
3273
322
2415
1570
2928
1347
2130
953
117
4621
3675
1223
1197
3542
65
838
3817
2894
2651
3257
3292
2811
2420
460
4744
1810
4793
901
1139
4903
2245
3218
4276
3399
2151
3882
235
1044
3810
3691
3666
2076
1483
1048
3639
3772
1659
1345
2855
647
4994
3271
15
1115
376
1167
2703
583
4617
928
593
3584
2823
3320
96
2172
1989
4613
2640
228
1181
151
3248
1434
106
3758
564
689
4321
4778
10
651
604
3679
972
3018
3883
1610
4457
4864
3706
3351
3848
4104
3029
22
4248
4036
1612
4813
1336
337
2189
2384
1686
4043
3869
2678
2074
4919
3488
249
593
3084
967
2482
2764
3698
483
964
3939
3698
1230
2713
3292
240
1714
1928
1308
2258
4129
2674
4070
1620
2279
2094
1886
3237
1513
400
1736
1783
875
2537
1769
157
205
1707
454
3110
3772
592
74
810
4973
4605
4510
364
1404
3498
1366
1272
550
1202
307
4194
4616
4674
4888
778
2385
3129
737
4332
2600
1660
3071
1641
256
571
3277
624
4930
4425
2454
4435
4110
3638
1785
2469
1699
4352
621
2012
3958
525
3293
2746
2926
2623
2943
4989
4446
4621
832
1217
778
4860
4098
526
4443
1557
947
779
258
4802
4353
1412
2860
4820
4614
4462
956
3035
3242
881
2195
862
1042
2599
1663
109
2929
3190
429
1903
4042
1286
2189
4953
47
2751
27
2418
1053
3353
1307
2568
1618
3120
1112
1243
271
3414
4266
1092
451
1556
2421
4188
2551
4824
4804
1974
863
1238
2400
988
1083
3008
555
3126
792
3412
3095
4045
4880
2797
4200
4775
1443
1388
3502
475
147
1395
789
2140
3749
273
3159
885
1553
619
567
2379
476
4121
4505
4396
1436
1605
2149
2718
3186
687
3573
3250
2847
3105
2706
4888
3369
3992
3625
4121
4485
433
3798
2210
3712
2582
1015
2624
847
1645
3878
4934
3550
2059
3811
3900
3611
3434
3422
1866
3503
1941
3339
3709
2150
3156
2819
1022
4224
3960
106
4344
2206
3533
1459
2830
4035
2398
105
3354
1756
3054
2699
72
695
294
4925
903
2365
4041
547
4165
1858
2863
4372
4714
4856
3483
3187
3854
714
1764
3403
3911
4318
4122
3687
752
3033
1375
2559
1167
4452
2620
3007
3112
3673
2437
3540
3213
1153
3619
2193
780
4070
4671
1735
780
1256
3866
4133
3597
3486
247
2330
4235
3715
1349
1904
2916
518
177
1781
1439
324
4069
3109
3476
2342
176
2443
1059
4952
937
1626
1493
1309
2821
1092
33
1709
2917
4881
1079
1108
3633
1020
4078
4164
955
3367
489
1430
740
4995
3495
1285
2987
1888
749
3479
2080
2095
2610
637
4108
3434
3541
1467
4343
4790
1475
3640
2531
4063
2243
1346
500
1579
3368
1661
2219
488
375
3717
50
1686
4153
3859
2859
384
3002
900
1244
3671
3184
3963
2592
4581
1512
4781
1648
4047
563
3513
726
459
254
2623
810
4181
4580
2250
763
318
2077
4382
4622
4031
4301
771
561
376
4942
3048
3490
2069
1266
4725
3315
632
2031
3192
3361
1030
1006
70
2487
2255
2029
3916
481
4873
2323
3627
2523
3273
3349
942
3848
2631
561
175
639
4975
2399
1408
1004
3607
1519
1890
300
2379
2099
2896
1657
2148
2849
2195
3388
1859
1425
1473
1142
1100
2521
2604
2937
1002
2996
213
2038
1775
4393
41
1854
3408
4883
2178
361
1526
3302
2482
2826
2495
1554
2163
2120
387
4621
3674
1113
274
2808
2798
667
1982
3984
3490
50
1109
2448
2102
1158
4629
4310
2325
2876
1534
4595
700
2050
2089
4954
1538
2769
2419
4720
381
1017
4410
3706
4883
326
342
4659
2876
4567
3604
4618
4696
782
3620
1252
3063
676
2740
1703
4999
1559
241
3104
327
3705
173
1766
814
3401
3532
2873
199
3521
2278
1160
4628
1134
3599
4131
278
477
2492
639
1419
372
4767
1919
612
2402
3746
829
3172
2877
1345
902
85
3469
1705
2302
3941
382
4225
4233
2862
4424
957
394
3756
839
876
74
3661
1448
1845
2028
3414
4118
1856
4062
1086
882
2949
1581
2059
3720
2143
4929
3388
710
110
3908
364
1047
382
1729
280
1385
3241
991
1402
4881
2803
1376
3225
2254
3561
3815
170
692
156
1995
1460
2138
426
4291
834
4417
4502
766
682
2198
403
3054
3340
1974
1729
704
2764
829
567
3209
3644
4752
3075
1079
1996
3604
1643
768
2803
72
1717
3780
1571
4579
596
3939
1424
4696
432
3664
34
3558
83
4854
2700
2341
2450
4108
2219
1698
256
4876
4671
55
2201
2022
4122
2240
2392
3741
1953
1529
2749
1243
4459
1844
2630
140
3114
316
752
1203
4173
760
789
2965
1606
3203
3670
3118
3306
4485
3462
60
4806
4308
100
468
478
1103
1883
4438
2307
4663
1976
114
1987
4641
596
2058
305
3685
225
2627
2841
4864
669
518
2318
1624
66
435
2939
3162
441
1315
1915
3669
4960
55
2833
2645
2570
2833
1620
4348
2636
3494
4110
1479
4567
4053
4274
886
4950
2229
525
3769
661
3929
693
2574
1344
3413
1291
3056
154
1156
4190
1716
8
1193
1016
1102
4897
542
4470
1839
2846
2499
2006
2185
1070
1683
4993
4469
1667
4509
355
3207
1256
3491
1336
3014
1585
3176
1960
100
2676
3042
2404
261
4429
2638
3179
3040
1447
1925
930
4824
4472
4828
1662
3564
1855
3777
768
1247
3831
4211
952
3673
3790
1702
591
1049
4665
324
3748
2082
1290
3030
1731
2508
495
2966
2751
1576
3778
678
4944
1503
2707
2337
4462
500
2045
1339
2938
894
870
4073
3899
3214
4510
825
2176
3100
1024
596
847
1726
3956
4218
4872
3579
2034
3324
4488
2347
4526
948
2071
4263
930
542
3964
4924
3437
4212
4393
1253
4408
3748
4347
2903
2258
191
1189
253
621
3620
2831
2773
3350
776
734
4531
793
578
3532
4025
3541
3152
3463
610
3570
2768
598
2640
148
2776
859
4527
3188
1227
161
4947
330
783
372
781
4699
2199
519
1002
1658
4088
2998
4639
260
3036
3843
4219
4352
1501
3715
36
2210
1017
4876
177
3655
2536
4458
4117
2314
4003
4967
2691
4120
4127
3769
2899
3980
3113
2730
1051
4383
3425
3784
942
4967
4323
562
4912
1742
2445
732
4031
3318
4368
1294
3570
843
4248
4739
4608
4364
1806
4624
1393
2312
644
1357
3027
3220
4651
3974
2717
1212
3093
4751
3435
2654
4063
1471
4007
1304
379
3225
4652
1548
1747
1130
2440
672
2334
1081
3728
1303
2870
2523
30
1833
472
4968
3501
2260
3487
1299
2584
2943
4913
531
3941
1360
4970
1911
760
2370
3200
4987
9
3462
2149
4930
3936
1008
4326
416
3200
2126
280
2843
4866
834
2412
4898
3650
3311
4581
1533
856
28
85
3805
2153
4597
2926
387
382
4218
846
1675
1960
4703
4151
2448
4668
1493
4458
3858
1750
4981
3849
439
531
422
3059
789
4135
883
2046
2986
