4175 4197 4441
1941
3482
245
3827
2916
1479
4604
4579
4255
12
367
737
2105
1194
3168
2110
30
4881
35
296
1014
2271
2492
1572
1804
2725
2256
1397
3390
1719
3703
4492
1515
549
2729
2347
4323
3519
4792
1671
2075
3794
2038
2647
2126
723
3656
4291
1314
326
126
459
1555
3784
1214
2970
330
1375
4094
668
1298
3299
2171
920
1333
3124
589
2421
4162
2323
2157
3993
4694
3207
1485
3934
1333
1789
1188
4831
1708
1242
3933
4035
3819
522
3211
4242
1924
1203
183
603
2818
1713
1619
1399
2985
194
768
3967
1270
2154
3742
518
945
1401
1000
4052
2938
4692
696
4843
1447
1803
4365
3715
955
1526
4561
4887
4562
4391
4547
3001
1362
1077
3336
589
1364
2530
385
1862
3292
4122
2875
3161
2778
2832
1215
1839
4356
4620
4350
2002
339
3919
4979
4914
3996
2838
915
2385
1195
1281
459
3084
3180
974
3113
1833
2768
1390
1575
4627
878
1584
3527
2279
4041
2530
1874
690
4463
2314
3654
4928
4278
2688
4207
140
4050
378
2789
1766
3747
4767
3843
2882
2529
4952
3692
1621
3708
4922
1909
3189
3912
2248
1233
3475
2037
4484
3717
964
598
1848
2810
2227
1011
4955
2219
2233
1326
3619
2819
1179
2248
2910
1792
1826
3883
4669
4519
1649
91
3771
1291
542
1633
2693
2076
3678
3725
481
3813
176
4673
2943
1426
3975
1338
3940
2523
1339
1497
1795
3870
4815
3919
1973
3844
4791
3562
2057
1158
2974
1013
4798
177
783
483
3948
1931
2468
3003
560
4931
2157
3759
2624
1775
3831
2872
621
2036
1403
617
838
2788
3061
2251
4109
4396
1871
2296
1062
3221
4321
287
2931
3761
3096
2723
3204
4206
3156
994
1323
313
3361
207
3582
3022
2954
2284
1007
1189
3996
403
3144
3509
4148
3611
495
451
3088
4121
488
1719
4955
3281
3187
2269
449
3344
4757
269
4056
705
1522
3748
3210
2970
204
2762
1882
1104
1430
313
46
4802
1380
4047
1858
1496
2279
4203
4883
892
2020
3438
1497
1628
4301
2523
2348
2248
852
2785
4931
3872
467
1334
1396
1068
3466
3377
1395
3758
2781
4688
1292
4155
43
4883
4897
857
3418
4044
1724
3269
4840
694
1351
2110
3655
2092
3595
3066
2992
1108
4167
2209
3457
1000
1293
625
2577
4925
4167
351
1662
1132
978
1984
996
756
3107
260
4891
4078
4079
2342
3149
4342
3872
101
2167
2724
283
1546
880
4512
1707
3415
2911
3613
1867
714
1895
851
4029
1291
2362
2322
3393
2723
218
1003
3216
2128
4701
4833
2534
4747
2144
3772
467
4688
1680
4586
587
3808
1259
864
1464
2456
2404
3903
3458
2900
3319
2538
3363
1248
2709
371
4601
3499
3134
4953
495
1399
3670
2638
3312
2467
2785
44
4737
4628
232
2440
301
2296
4997
764
1448
2429
4132
805
4416
794
1272
1135
4667
771
3326
2069
4503
4515
4467
3364
4730
2042
1140
4907
148
1533
482
2495
1320
4993
1547
1056
1269
3799
3131
2184
3018
4659
1541
509
2399
4327
4841
3378
646
1377
1747
3933
2471
2010
2824
4928
1918
2263
4580
4356
1850
4545
3847
740
3670
967
325
46
2458
742
3791
2764
421
4758
4903
2872
152
591
1939
995
1372
146
1673
1910
1336
3575
3730
1887
3129
2432
127
1545
779
952
4106
720
1388
2039
903
942
2689
4277
3202
4848
4252
2688
951
190
273
4667
4632
2613
4717
2404
2786
3900
4563
190
459
748
3486
2575
1521
4101
3599
2810
598
3014
474
4349
4794
288
4134
1473
4076
2738
404
165
1917
2049
1727
2754
1130
3919
119
4667
4435
2035
3043
1746
2029
1141
1355
400
2388
3161
1317
379
1197
4536
618
942
2578
2187
1485
3259
4019
4587
1867
3718
710
1034
4234
662
1829
3006
4784
1369
2840
2797
2908
766
4756
144
45
3917
3595
1229
122
4757
1282
498
2585
4557
3816
2550
1580
2237
2223
3257
1792
773
1296
2261
4224
1423
3680
2115
268
1718
586
1879
2792
3239
5000
1701
21
3077
351
3777
3309
3667
1874
444
728
3655
3491
4923
4397
1909
756
3834
3238
4206
3191
1159
2668
2836
1296
808
47
584
3852
1927
832
1737
1404
4420
3234
2774
1900
1172
1541
462
3086
700
3939
4598
1234
2378
815
4214
4329
460
558
2577
4957
452
358
1383
644
1240
1556
3134
1603
2475
4877
3677
9
2335
2150
4751
4054
4718
2718
3603
883
859
1613
4714
2940
928
107
2174
135
2088
4275
4419
907
1288
1660
1595
2022
4232
3851
231
4163
1802
3008
4850
1004
3302
2332
3900
4619
4328
2547
876
4390
1679
2636
4995
2343
4990
3199
3571
3151
3194
1650
4256
2621
436
4553
350
532
3337
2567
2922
1967
1896
858
2070
3925
34
2687
455
4621
4897
1394
1210
4881
3822
665
1889
3253
908
1472
3837
780
1501
3187
400
4649
999
2413
387
703
4694
4001
786
2202
4249
223
2943
4049
329
1865
1407
1483
3064
3634
1941
4663
1777
3802
3343
531
1536
2867
4289
167
1292
930
112
3692
1635
4062
4074
3008
729
2422
319
1390
4273
2435
32
732
3513
2549
1808
4801
4885
3145
549
3583
3385
246
43
2859
3704
4897
4780
2451
734
3697
2872
710
1805
2067
2519
896
4857
3326
1724
3192
4714
707
3367
3645
1518
4209
636
4007
4014
4473
3245
3296
711
2437
3151
2164
1321
3154
560
704
3116
1362
994
1017
4167
4699
481
125
4360
2927
155
1688
4732
3787
804
289
620
2381
1859
711
1737
4283
729
2945
4410
1541
299
1401
4385
674
767
1157
475
1911
3384
4669
896
1107
3913
4095
3658
3185
4612
227
4717
1748
1915
1095
2266
4730
875
785
3815
4157
3587
4128
373
928
741
3295
3922
4828
3889
2217
1593
241
561
407
3832
4238
4751
3817
4978
3781
1460
4866
1360
1434
2475
3282
3458
2034
3295
4041
3325
659
2138
2526
625
4563
527
4732
937
3028
4142
4248
2100
2305
671
1638
4608
3393
4133
831
4101
1445
627
411
1182
1448
3502
3016
2812
48
1177
560
3306
4631
4239
2620
1484
4780
4700
4508
4556
1145
61
4841
2161
452
4517
4725
2501
545
4272
4178
3070
1841
637
686
4446
912
3891
1999
341
2408
2204
688
4124
2530
1051
1925
4036
1495
3449
3660
2149
4894
4269
114
2855
3329
3212
2552
2090
964
110
3065
2178
4719
3252
1134
4465
2752
1249
3036
1546
2959
4027
545
3235
476
1386
4462
3010
3912
2989
2276
1485
1213
4894
2721
484
2875
2124
3759
115
81
3984
3589
586
4633
221
2667
2160
99
2555
3549
3295
1429
4588
7
4336
2636
4164
1879
1587
928
1288
4341
876
4172
2036
3096
872
826
1666
221
2250
612
292
2145
2645
427
2105
2684
1275
286
3699
2438
350
2274
3325
969
613
3006
1471
1965
2604
2227
1000
1653
3070
479
4163
4237
516
3060
3220
1581
1135
639
1480
3121
3957
197
2566
1243
1271
1573
2141
2805
2052
907
448
2673
1251
2413
2827
3732
248
3764
2613
4682
830
3373
3933
1354
2553
162
505
2934
3573
4113
3152
305
4473
1852
4832
1836
1548
2148
3413
1933
2887
3551
821
3536
77
3841
3064
2603
690
714
1169
3743
4395
1577
1011
97
1399
746
2114
1478
3239
1755
2257
1
1235
1704
2228
2269
3112
4771
3287
1877
4414
4540
2134
739
2396
913
3032
232
3960
2780
3755
1642
267
1537
4501
2698
4647
2960
4146
621
3657
1998
3179
4039
2212
2113
2729
1706
1421
2140
4852
602
3767
3562
4105
4618
133
4165
3281
575
4563
114
1913
2024
4472
1922
2320
2113
1768
854
1505
527
2466
4424
5
4317
3656
3700
4291
924
2083
4046
2231
25
1666
4924
1692
2579
2189
3370
2068
2789
1982
1614
2772
2718
4551
681
4531
3837
3025
4078
3064
4153
1012
4626
3512
317
4159
1746
3387
2873
2552
439
668
2818
3564
2041
4168
4914
1697
2571
905
4834
3058
4510
753
2843
2381
4705
1978
3234
4328
2065
2382
935
4510
1425
4407
411
2844
1032
704
3310
208
2184
4860
254
2070
4168
4252
1041
1080
1911
230
3149
1096
3480
3766
4697
1596
1548
327
2004
1544
3568
3647
4883
2559
3600
284
829
2776
2317
4244
951
4213
605
935
4664
201
2802
1132
1239
3708
2251
733
2255
2468
469
4115
2484
2994
4160
2124
3558
2578
4058
597
2342
464
2169
951
3866
4585
2938
4928
3853
4035
925
4723
659
410
2670
3495
3382
2802
1400
679
2919
4780
713
955
424
1276
4168
1619
1584
824
2104
2580
3822
2939
4638
2588
702
1934
4898
900
1157
1902
3958
1798
4606
2780
2075
4046
3850
1998
1468
1549
2692
230
1374
1618
2154
776
3302
663
3842
3981
4469
13
4028
2851
2429
3091
612
4324
3609
3970
3490
1309
1064
2562
4230
386
3248
2007
714
438
1184
3742
3921
58
411
1649
4598
3991
1557
4576
3788
4939
4962
4749
1521
1931
212
2622
2785
673
460
4926
3188
100
2402
4748
2999
1222
775
3472
3506
2875
2537
323
3580
2895
4408
4170
2213
1797
4317
2337
2414
35
18
22
1713
4918
4057
2248
1674
3545
2758
2497
1247
2191
2964
3415
3452
843
359
780
2220
2465
1367
4781
1195
4194
2944
3199
3334
4010
1324
1774
4237
26
199
2053
597
4052
1542
2402
3121
3995
4676
4488
80
431
379
13
4052
345
1472
4694
748
405
4311
1191
568
4043
1799
3766
916
338
4026
2832
201
4012
3104
4580
1759
1022
4757
2407
2898
511
4890
595
1229
2829
681
1073
1110
3693
3170
3458
4560
2100
4071
4615
2342
2809
1041
2689
3228
495
4433
4273
2761
3888
1004
3824
4735
2133
2781
4511
4795
1993
4423
2925
3264
4410
4375
2794
22
4705
4396
1254
4486
2555
2539
3081
2876
2623
1902
730
3122
3146
1525
1871
3029
4022
3556
3880
1700
3285
3084
998
48
3886
3941
204
4717
1307
2932
4548
4862
2544
4192
4900
4431
730
4707
4500
4686
3539
231
3085
4973
2309
505
4680
1588
3439
3531
2304
3769
1153
1623
1705
3940
1934
4547
4888
2916
2934
3534
4635
2975
1076
627
3805
3159
3169
3760
2458
2020
294
1105
4286
4280
2814
1142
760
60
1307
2328
2438
2606
2063
3794
4952
3086
4188
529
3825
3628
3086
3499
2596
982
801
364
1532
2369
3895
3791
2072
2856
912
2737
1452
3214
3107
3098
2443
322
769
2669
1524
2933
4508
1257
3726
38
4994
1424
1666
2445
516
1449
1484
1906
3761
1124
966
2909
2484
4481
3734
1652
3219
2738
4465
2157
703
2542
1514
4286
1617
4053
128
1507
1008
2269
2325
4062
3851
2411
4090
548
4822
2540
3527
3432
1761
3159
226
774
2683
4625
1249
4001
2927
2233
1700
4154
2217
3627
1392
3169
48
1120
4035
450
1173
3005
3873
4343
956
2331
407
3193
4927
4914
3609
307
2829
4809
426
3250
979
2234
1199
3097
2122
3732
3941
3684
1809
2294
3391
1912
1873
79
285
3609
2103
567
3795
1738
384
257
1061
4817
4968
784
4579
3308
4960
3098
385
221
3860
1137
389
298
3995
4087
1803
4828
827
2024
4755
225
1670
2970
2044
402
1555
1449
3833
715
1902
1784
2557
2739
1524
2603
3261
3553
4855
3212
3336
216
1320
3198
1548
4771
1128
3313
4280
4326
2366
2299
3380
2609
3198
2511
3695
2350
3169
4493
1332
2504
2206
1416
2924
3677
646
2187
3953
2371
2778
4894
4400
2898
3007
3792
2087
3667
4331
3761
4251
887
2935
3161
286
4032
3269
4241
4249
54
1623
3321
2178
2409
3340
764
2077
3299
3670
2822
2337
50
4269
4050
599
2607
670
696
323
4544
2892
844
1100
254
3708
3672
1582
1579
3560
1983
3450
1298
3349
2242
61
3831
2327
40
1855
3389
3498
3240
1026
1423
2599
4521
2635
1763
2341
3517
3922
3291
965
4766
3161
2035
1393
1380
4958
1297
4095
4415
583
1081
1631
3310
592
1248
3566
522
4745
1385
3852
3350
4599
134
1730
1640
2124
4481
939
464
2519
3781
3187
3510
1064
3759
1144
1956
4466
3461
390
721
3252
1878
3675
2451
4805
3678
1687
3465
3770
2842
986
4092
4070
4710
3792
1449
3919
2039
4715
3284
2648
1645
4106
3559
3887
1618
3854
4130
4726
4567
3564
2314
1974
291
185
2685
2692
4064
4527
2065
1937
750
3852
4948
4109
108
809
142
4681
3773
1447
2605
154
2339
1715
2439
4130
3648
4201
967
2908
1227
556
1919
354
3152
4614
2053
2038
673
3019
198
2160
297
3207
868
2570
1134
2543
2924
4201
3987
2399
1534
4344
3621
939
76
2309
1075
289
2550
789
273
2230
3860
1876
1423
1473
4363
3014
5
2916
1047
3532
4503
197
3420
225
415
4597
4309
3215
653
2830
1776
2148
2212
1650
601
4355
4196
2459
3204
1900
369
2436
3547
4754
2889
2414
1114
523
204
2659
2823
4170
2507
3877
959
2220
3671
1590
2169
233
1467
273
758
677
2162
4621
4960
3857
2122
1586
1805
1773
799
1652
2891
2429
3615
4063
2868
1181
383
3284
2005
1701
850
2294
2478
4570
3787
2121
3299
4934
4136
4788
4532
3850
1309
2663
2958
3692
1716
2409
3118
1239
4832
2956
171
3422
2278
2370
2572
43
144
623
1208
3433
549
1407
1701
635
4963
3722
1249
2085
1713
1943
3988
4161
4443
2804
4564
2353
1475
3764
2796
3690
3388
337
2297
1533
4051
2746
3504
4859
4706
292
1525
3486
4951
2944
1421
1167
781
2535
4276
544
2775
1715
58
4770
4019
4479
2198
4028
847
220
3442
1265
3330
1383
1332
621
2174
3326
1008
1364
3120
220
395
4769
303
3622
2489
697
1938
743
1056
4997
4537
4923
3334
4514
4457
2451
1208
1037
3000
3029
1018
2400
3209
3623
3352
3904
2099
3513
3775
2074
155
3177
2553
1506
1052
1955
4864
3051
3059
3036
690
2031
518
2361
2220
782
3199
2548
1768
3195
2752
775
1290
4567
2611
1664
2563
3546
1405
4106
1269
1766
4091
652
2435
2960
3754
1803
1607
1659
3220
263
4839
4362
3378
715
3260
689
2656
3470
2205
4262
559
3887
2323
4970
4407
2602
4952
3577
2250
1332
3387
2170
311
1586
691
4043
340
1514
4918
1082
3173
2587
1120
730
1214
3841
1635
3358
1278
4563
4593
1584
3854
2242
4529
1492
2203
3672
717
4480
2518
3490
1343
1092
2201
4467
4016
4263
190
4105
2603
1203
56
2006
1202
1678
3832
493
4548
4605
4292
4668
4293
3951
1514
2842
1515
403
1716
882
1428
1579
3751
4817
492
4383
4752
3005
4966
4065
3740
926
1395
4218
482
2505
17
107
541
2872
1244
2138
2570
3486
4579
1479
3900
1981
3742
3174
284
2398
8
446
1416
4230
3209
2325
4943
2797
4388
3787
2815
4290
3810
4901
4928
1474
2812
2441
3542
3043
603
217
412
1475
648
2405
1201
1411
640
1923
1702
4512
4523
4967
3946
1011
2507
314
1964
1643
2363
2846
1886
2087
4173
3166
1441
3140
2087
516
3386
4458
2582
2276
2432
4629
4433
1051
2934
2282
4744
2361
4878
2150
2722
1763
1176
2617
985
2111
3551
1008
1546
2308
2450
3425
2226
3655
2413
1547
1394
4454
439
3932
2676
4102
3647
3709
1746
4007
56
2741
1696
2792
3109
4218
964
4119
3001
1003
861
3853
3291
3537
3008
733
2771
4751
4801
1083
3225
2115
2058
3811
3037
3047
1522
4092
2705
4629
4248
1797
4708
236
1647
2602
2399
2000
2714
291
3698
4199
1596
3879
826
833
1835
3860
143
3239
3518
731
1148
1967
119
1796
2412
4005
2596
1874
1738
299
4001
3198
3060
4603
2114
1843
308
4165
1457
3970
2784
1863
2213
4663
2604
2108
833
358
2104
3792
4557
4084
2242
2726
2300
3882
4098
1161
4328
2856
370
2651
3940
829
463
207
4204
1358
4199
2478
3673
911
599
2258
1127
1790
1298
56
730
2826
2163
812
3782
4654
4924
3682
3202
4259
1627
4440
1921
2375
1187
1047
1082
3274
3665
4608
4874
876
2386
4690
511
3207
4203
1226
3259
4142
348
3433
1821
3005
1830
69
778
4823
580
1358
1236
4227
2338
302
1712
2298
1206
2917
3956
3838
2348
2198
3760
1795
2047
2031
2362
3005
1341
2348
1033
3656
2779
4310
3986
3841
4584
3132
3877
1565
2462
3773
475
2691
4117
4783
4058
2154
1138
4370
3453
2838
2189
2345
3665
3259
1901
2876
281
3358
2552
4044
586
2295
467
548
262
1918
2593
2343
2339
3809
4234
4939
3524
2026
4025
4995
4644
416
501
1779
1103
2140
2188
1862
3935
424
3234
3089
30
3164
633
3281
1912
3718
1877
2025
3483
4883
3151
4341
1986
3287
2628
4105
3765
3473
1014
137
2470
3250
3336
1833
3236
2389
4203
1863
4655
3502
4651
2757
2378
3659
3360
1122
2096
4996
3828
1469
1398
4993
4711
1042
1271
2895
1343
3429
2926
2842
4017
979
169
1003
3316
709
3766
4041
2698
959
1942
3626
2749
3684
1488
230
2009
4436
2424
1374
2483
3962
3812
3888
4974
4408
3061
4142
4317
4824
2755
2681
1895
806
2050
1383
4708
3147
3763
3875
2987
4693
4740
1741
775
1332
2146
2044
2536
3145
2714
1390
3248
4247
4450
4417
4342
1572
647
4162
3485
1825
3463
2777
3655
356
4038
2113
859
4881
2588
1172
1637
2954
4168
1060
2262
3401
193
1215
2698
4440
1784
1862
4526
4812
3142
2683
4982
2730
4762
819
2110
2983
1435
1824
1631
1591
2575
1679
2395
231
372
741
831
3497
4959
1725
764
775
3146
1913
899
122
2440
1761
1181
4269
3180
3788
3581
3940
4435
1424
1418
2766
4645
2436
561
4408
3922
882
4206
2616
1336
965
323
4904
1836
4766
1100
1164
1504
2813
4035
424
3270
1479
3318
2275
1671
219
1533
3335
4280
2755
676
4874
385
3053
1526
1135
757
953
2758
1683
3546
4236
4519
4095
4930
2286
1740
981
354
159
3195
1850
4063
1850
693
3211
2217
4384
2285
3760
1345
3265
896
3874
1699
3183
666
433
4933
4589
2711
3102
3600
4902
359
1973
2141
292
1857
1686
22
696
3804
942
3053
3106
280
2301
3350
596
987
1884
1337
191
2474
2965
226
1794
1665
2635
1904
1517
2066
2097
3246
2718
141
2480
4168
2221
4088
1296
845
4764
4389
465
4551
2452
1438
3510
1812
397
1201
1645
3738
446
752
2183
3641
3368
3779
2832
2607
4180
4517
4498
4454
1690
2598
4449
1366
1026
1825
1465
3430
4702
4727
2800
2887
1403
1232
4235
3906
3278
1633
174
1408
235
2598
3461
4760
230
2037
2970
2092
3159
3519
3250
4964
2658
1832
752
863
3610
1303
1664
1292
1258
1036
595
4756
3272
2414
2041
3886
2781
3742
3358
1371
2035
1192
1993
2110
3835
3093
3050
1494
3001
2212
3733
972
4788
483
4983
1531
1274
730
3176
174
1591
2696
613
418
3119
4106
1947
2670
1790
3333
3958
3702
4361
433
2743
1806
2255
2795
2450
368
3636
3964
3862
1241
854
248
3595
4972
2190
2908
2423
3666
2968
1922
4978
2806
1021
2246
4431
4613
4626
4166
3647
1954
531
2508
1798
3990
1601
1508
4658
877
4534
1191
3472
1724
1306
3517
1540
3720
3892
1922
1743
1957
3740
4879
532
941
4370
1129
4851
243
1220
4323
2991
87
687
3357
3804
1746
4866
1135
119
4531
1295
1212
3843
3220
1621
2166
4340
1878
523
116
3775
4031
2138
4381
485
4554
1223
3391
4272
4066
3106
4550
3365
1195
896
4150
3496
3947
3839
1217
4152
3494
2519
224
613
4086
3964
3936
531
2453
410
460
4433
1097
3818
2362
1084
581
3967
2837
2490
2161
3946
2660
1085
627
3006
180
3925
1211
923
2029
1681
3377
3313
3118
1343
2987
1848
493
2280
2286
3340
3583
2268
638
1161
3273
3320
4878
1311
1967
3391
4695
2852
615
3361
1519
1328
2674
2892
708
3867
546
42
1562
3568
923
1183
3919
620
2618
4963
2894
2423
3953
4014
638
3502
199
180
4416
1058
3353
4765
3448
3768
598
557
1300
1024
547
3466
4320
4355
1068
3351
2252
3933
3249
3736
1236
1479
4838
3149
1424
939
4951
2034
4768
844
75
4010
176
1791
3429
4407
1842
3835
1153
3450
2184
3288
1393
4427
107
4924
1531
1667
1125
2198
595
2972
4528
1315
1017
2890
1138
3611
2601
3640
721
1486
4053
375
260
1600
1944
2157
3877
241
3217
972
3584
2767
3191
4676
1182
2490
2102
4691
4549
1052
4643
1482
2542
65
3614
4235
2767
895
1059
1797
3861
1191
4016
2715
4954
3607
2065
956
2614
4063
4601
3917
2429
2605
2453
3329
3476
1958
4570
1601
4613
1120
1482
4958
2180
4728
3813
1858
2489
1475
1681
3334
4091
889
420
4129
349
4226
187
1348
1255
1169
178
4253
3352
4516
651
1641
1501
1891
4779
1054
4606
1824
3740
835
3817
1122
4042
2624
3790
1233
85
2643
3894
165
1756
2839
3077
1300
4284
1214
3048
3484
2355
1749
1490
4619
2051
1613
4054
1588
4351
4296
3831
4300
4439
1465
2106
587
2223
4235
2718
2808
3789
4330
2013
118
1228
4196
4099
3548
4937
1852
2534
2594
2692
2578
764
4861
3087
4727
3099
1259
197
1877
1005
27
1384
4746
3816
3523
3940
3634
766
2717
2556
1080
548
1778
3248
2197
2944
3191
4824
4279
4848
4147
2282
4168
2129
3295
4702
3665
1521
4276
3617
4967
359
4240
3069
653
2553
2389
526
2326
1556
1289
1136
4108
4082
3016
1324
1317
3261
2974
2193
2161
1826
892
2372
932
4515
1577
4668
1044
765
4665
3435
3404
398
2231
1088
1807
1055
4335
2755
1762
493
3122
3968
3834
2633
4853
1158
2608
3927
2001
4858
714
3637
3720
4861
3195
4584
1737
462
48
3578
870
3879
2262
733
263
3598
3250
1455
2441
3972
2622
4190
1670
3914
771
1963
1133
3605
4914
2324
4839
4662
1557
3518
3674
716
1426
1405
3860
4262
1589
4344
4011
3757
1068
2462
3085
4310
3498
2818
356
2825
718
1697
4444
4392
1141
879
4060
2532
3779
3912
3890
4088
1824
2669
281
123
2968
123
4861
1482
2654
2609
3131
2855
2488
1754
1694
3155
4911
4491
3910
1721
4753
1343
1
2185
61
3309
3190
753
2848
1801
1794
4500
1775
878
92
1921
379
2346
46
4788
3420
1257
2149
2500
2839
2612
2741
399
3433
3519
167
2039
4789
3933
3740
1931
2513
3771
742
1306
3361
2369
4471
3944
906
4729
3562
99
877
1928
1321
956
1982
418
348
2616
3594
2304
683
869
855
1613
3149
4239
2111
1767
3537
2502
255
1688
3983
2726
294
1313
229
3308
406
4252
3427
2783
1813
1963
279
410
2693
4317
3305
2855
3182
951
1262
4406
374
3786
900
3090
78
1543
62
4216
838
4231
594
4093
1231
1707
464
2850
76
2826
3302
4965
3836
2691
4644
3482
2651
1681
3912
1719
3754
4127
409
907
506
1639
3808
523
4438
562
4293
486
3366
1856
223
489
2400
1679
1803
2928
1816
2494
2859
3578
2333
2214
1652
676
1351
4529
376
2842
4798
3106
3323
2929
3577
437
1978
2692
87
4410
1048
2291
820
2958
1829
1996
2599
1458
1300
2815
2090
4588
4227
3224
4338
1060
4819
738
691
4491
793
1627
889
2773
3540
1189
4189
1980
718
1672
663
1174
2144
3007
1585
1548
615
1009
287
4394
4699
4246
4251
2066
618
2453
3823
1416
4625
601
3209
2616
3234
4934
4650
3026
3509
489
1939
2206
3101
3563
3183
2887
2379
4774
1684
1574
380
2954
243
3568
570
809
2671
22
65
3730
3354
3297
1706
3495
4727
136
4434
1553
716
2291
1636
2832
879
3077
2681
2869
2757
4859
1362
701
1641
511
3111
4933
2502
49
70
2592
1339
2236
341
279
2955
2670
2771
1985
2435
1154
3574
4332
4318
495
1186
996
496
2573
2265
2412
2401
1632
4745
2030
2729
4189
2075
4956
2451
4736
275
1666
780
1022
4427
2724
4473
1322
2634
2228
619
3504
2188
3388
4315
2374
2114
248
1185
3509
4017
4587
184
2579
4314
3177
204
4360
3534
3840
133
3631
4460
1387
3912
3428
3013
2684
3483
2398
301
1165
3625
2858
922
4416
1943
4038
4931
2704
4539
4633
4238
67
665
1227
4687
539
3023
3403
2885
4110
819
2831
3943
238
4958
