4594 4995 4416
1631
3196
1952
2320
4528
3824
2281
3331
4656
1311
1892
4824
4940
126
174
4306
1051
1146
232
1544
2143
1955
3540
3960
3523
4116
784
1399
4885
162
4192
95
2086
4904
3779
1406
1378
428
2411
4205
3122
2852
4861
1301
4759
4355
3278
3144
588
4695
1007
2145
2707
94
3872
861
2358
4033
3933
3985
1658
2920
4511
294
698
2277
1613
819
2691
4890
4892
4537
73
3337
1187
3024
3043
4084
212
2847
1384
3838
3144
1473
4981
4469
1064
1373
1035
10
2921
82
3701
2910
210
4799
4514
3468
2293
785
33
3003
422
3177
4757
2737
635
677
4870
4612
998
2769
1144
2243
720
4581
3828
3547
2703
2450
1645
905
4705
2054
1450
3474
3950
4220
3171
1697
3725
4439
2830
289
4834
2373
3898
2696
564
3222
679
438
2116
4811
766
497
4456
563
2429
3646
3140
3224
4189
4469
645
4274
1504
634
2004
2036
1769
961
1121
1033
2632
484
3944
442
402
3724
1718
3419
139
1167
3760
4712
4240
491
4521
4306
4540
1339
4155
588
1929
1325
2872
57
3217
3066
355
2171
1762
4733
3226
2418
3453
3307
3887
2922
2120
1633
2266
123
2548
3831
3724
4594
1629
2895
3921
4173
4776
1810
303
1260
1798
1651
2073
4061
665
3213
4843
2365
3440
1217
2438
2072
2174
2451
1155
665
1439
2404
775
3110
3670
1540
1225
251
4862
2153
1324
4544
4083
1596
3240
3779
606
4322
4209
4646
2067
4854
1570
4246
95
182
1436
3993
1031
1929
1667
753
3002
3494
3521
16
4270
702
835
1965
4221
2778
839
567
3676
4430
3310
3082
3344
1400
2773
654
1754
853
436
4369
1160
3029
2376
2971
58
3491
4191
1804
4986
906
60
1735
1621
3043
4189
4259
1933
3675
2479
1538
2244
4963
3356
4349
818
3777
2386
396
2959
4180
4667
4707
4692
1582
4613
1390
4788
3473
3894
3118
772
1736
3454
1974
3594
4703
594
3470
2785
5
327
2931
2531
3101
783
1659
3765
2682
1574
1501
1726
1285
3492
2338
4009
1042
2226
1046
3065
3801
4666
2075
440
2347
686
2225
1984
2403
2405
3898
3301
3501
3501
3715
3501
3395
2647
2219
3557
157
4201
2025
1059
2829
3644
3942
1992
3964
2573
1181
1373
1943
492
2770
66
3400
1073
1185
3621
603
1290
4679
3607
1901
3257
260
2244
3233
523
1500
368
4039
4558
88
4449
1193
1620
4120
502
940
535
3484
2832
4412
4272
4015
4020
3800
3314
1029
3358
2433
1056
3577
1338
3733
4586
1841
3161
1967
1235
2654
2360
1330
3030
3478
2608
1356
2034
692
44
1525
4314
3863
2079
3922
1028
2032
3014
1965
3743
1790
4833
3299
712
2623
4476
111
1622
4497
4890
4483
2813
2034
2694
4595
3006
2213
1365
2163
2864
3595
630
2790
4768
4238
1448
2559
1466
3412
2838
895
3477
4029
3964
1074
1681
606
2860
2486
1648
4994
1765
477
4559
952
2467
1344
714
4170
3726
261
3936
4552
3408
798
4999
521
3781
35
665
3467
473
4455
2388
187
4076
909
2985
4856
298
2820
4661
1156
2642
4462
4982
2245
2423
2437
1037
3163
1126
2861
2024
1923
3498
4418
3211
4976
2587
520
581
1355
974
3225
1308
214
3087
3963
1783
3419
2895
2593
4447
3569
4434
1317
3303
2167
3678
3244
3626
3584
1384
2694
1589
515
2202
525
3039
1901
602
4015
3221
1872
1236
60
3471
3153
3706
973
2851
2694
4511
877
1408
4265
4833
4256
447
580
2085
1241
3688
763
4186
4916
1163
1456
515
4387
3178
3669
3831
1168
979
3703
4457
3384
576
4702
3930
3503
1214
329
818
4377
2676
4656
3225
2859
3099
2519
4546
678
3394
4133
1753
4674
1589
155
636
3926
35
4411
2352
964
174
2248
1775
2464
3175
409
4461
2673
1582
1263
4864
4853
1325
2614
3596
1698
1138
4559
2095
1997
2868
2288
4667
3169
381
2265
787
4268
3038
3624
813
3797
2241
3420
3683
1271
3795
1180
1620
183
3559
4303
645
4602
1838
3607
716
4771
701
1236
3054
3141
1975
189
660
1476
595
3185
2458
2620
2768
3343
2096
1113
4832
1171
299
4546
1348
3909
4528
4703
2219
4536
2689
3969
4363
1957
1082
719
3872
755
1841
701
2160
820
4765
4751
688
3899
4418
1270
748
524
3533
4792
1630
2842
3131
2412
2405
3243
4610
105
1499
2101
3977
3104
2178
141
324
3552
33
3715
3620
4557
1030
4510
974
1707
3827
1531
2997
3023
3781
517
741
4530
2611
4790
2169
2079
4349
72
3944
2771
2966
1265
3027
436
1919
3948
1265
1603
4916
3811
2576
1039
3483
4657
3489
1536
1373
446
3489
2087
740
2385
1300
419
4210
748
2985
394
3726
1470
2445
4848
1203
3189
353
632
4427
4311
3268
17
1792
2126
4080
1764
3649
789
1354
2338
1728
1515
4244
2169
205
2507
629
4800
173
4195
3804
4186
4331
2365
114
3398
1518
3031
3374
2544
3449
1488
4714
2985
2522
3272
227
4463
382
1477
578
3935
3333
2833
1610
2584
4759
4541
1932
2069
2480
385
446
606
1607
2958
4992
4380
921
152
329
3409
2829
2330
256
1650
1488
1445
1395
1769
3417
628
909
907
1106
1206
2366
4481
4847
1558
362
2757
853
614
286
2582
3271
595
2004
1623
1706
153
2870
124
1976
2301
68
3465
467
2088
3234
4923
3423
4983
8
634
2026
2084
674
4525
4404
1771
1839
2518
4506
2540
967
3596
3016
1730
4909
4566
557
3934
3948
2115
283
4670
371
637
2540
1992
2536
2979
1695
2475
340
2740
1218
644
4784
1265
4009
3320
4312
389
199
2466
2068
3295
734
2303
2302
1727
2415
398
1229
41
2900
2695
4708
4856
4431
2405
3969
4136
792
2005
591
3492
2071
513
2862
3131
2714
1203
1988
4780
406
4332
4561
4907
4295
3571
3778
2218
1477
1137
2653
2591
4478
1364
4196
1083
3941
3290
2371
4978
4256
1863
593
1006
1066
1317
1987
239
2159
3501
2473
4602
4760
4616
4093
347
4741
3547
1677
4210
3327
4127
1319
1822
261
212
3649
4363
1627
1646
1715
919
4598
1181
2805
385
472
3663
3581
548
3698
268
2714
4065
185
2580
2894
663
1272
4780
3335
2071
3654
4012
4145
2681
2083
4647
4811
2233
4314
3420
2862
55
948
538
3398
1012
3855
4063
251
121
4737
4832
3729
4062
3518
4689
4530
2355
344
4808
4768
4958
4618
4654
3971
1794
1847
683
4161
2022
534
24
2052
1039
4907
2329
4595
4586
64
88
134
1229
4128
2295
4613
3793
4742
2090
4685
272
1829
866
4916
4714
2276
878
2030
2688
4631
4446
2869
4341
703
1116
3142
2910
3056
1488
625
2231
4698
2119
3467
970
714
1349
2153
4363
1578
1766
1160
4070
1068
2218
3116
122
4546
1492
1877
2280
1797
2002
957
3639
3326
1346
4504
1278
369
2187
1783
4083
2024
468
448
3546
624
751
1219
73
2012
4071
2267
1236
4751
2493
1666
1644
900
3538
4773
1625
1753
3648
863
992
2408
3891
4480
2100
295
2905
1307
213
1800
3938
3144
2707
3293
4587
1225
4370
4726
337
1570
4813
4835
1546
1939
2798
2076
2610
2007
764
2118
4375
3718
3579
2971
972
419
959
4124
1786
2325
42
4048
489
4015
4905
587
2913
2322
782
4103
4658
2248
1108
3238
1935
1193
4797
2077
426
157
2491
2029
4934
2297
3908
280
4452
819
4183
25
1902
3008
103
3704
1957
4420
3584
3254
4078
4430
3547
4085
3650
1185
1586
1462
4710
747
3406
1501
4545
3908
4858
611
1694
3683
2057
1039
4022
2134
3688
4528
4581
439
2462
979
104
3788
1420
4227
4938
4908
1010
2906
3318
3545
1804
67
4405
4783
20
4752
2744
1287
890
4141
1314
241
283
4907
4120
4360
2271
2206
3856
3826
359
4309
4732
1929
3221
326
1074
2606
4664
500
1228
1475
892
3320
3682
3511
2787
2026
1919
55
3612
2999
648
252
3821
2845
563
3253
2258
3850
2936
2470
4104
3235
609
2040
2541
2682
1287
11
4583
2157
3738
3956
12
4674
1985
3981
2606
4938
3327
1435
850
4638
1190
3401
1178
4010
3037
102
2686
264
4124
2819
2388
3668
2406
4061
978
2912
3675
4073
3575
227
2564
4823
1496
2669
982
1096
3973
2587
4754
1634
204
1514
2270
2150
4230
1245
1281
3651
4281
4004
3468
1649
244
964
1439
1837
4807
3432
4888
1985
2076
3347
4296
2625
4445
1989
1206
1920
315
1535
639
1077
4440
1648
4033
2122
197
1265
3542
2284
1330
454
2226
3481
4371
4147
3737
875
3172
87
4670
2692
3939
4116
4693
2066
253
2181
2520
3728
3163
2249
1232
3968
754
2882
1821
1250
70
1893
3818
2867
3803
3645
161
1667
3507
4229
537
1410
4109
1757
1402
2910
3067
3082
870
3625
3616
2277
3934
1848
3624
1863
3919
1396
3930
1528
4111
4922
3611
879
3233
4347
4451
664
274
2929
2720
3264
908
2287
4527
2986
915
4253
38
1067
2615
4378
2300
3660
2317
2034
3100
2442
3823
2104
4856
1091
3704
2201
196
1338
4538
2689
2155
731
3781
4904
3196
2161
2145
952
4914
4566
959
521
2707
3072
3675
1334
3003
248
1386
1878
1523
39
3385
2640
102
1130
2203
2578
4341
4880
4556
3539
1406
2076
2884
798
482
4163
1846
4480
2801
1735
2738
1967
4921
2238
4936
4484
3314
3630
2095
3606
920
2253
2131
137
4819
1908
4625
3739
3852
1084
3502
3530
3879
1298
924
2076
3658
4826
3841
350
602
2204
4258
2930
1027
4618
3224
806
1662
824
4933
2969
1789
3836
4163
2459
108
4353
3349
1431
213
4361
2959
1281
4911
4373
2059
3474
921
4290
2085
748
3825
1562
3343
2228
4955
4122
4828
1784
3583
4833
2968
4043
4080
212
3769
493
2994
195
869
4273
939
2108
856
4140
124
749
3514
2469
1090
1741
1179
2874
1301
2526
4140
210
324
714
324
1586
2159
2396
2394
3258
25
2855
2533
4779
3405
1246
3819
4855
694
4431
812
1620
4171
2369
799
2732
2785
203
2561
1915
2902
3869
1345
1975
551
2558
2024
1039
4221
899
4129
91
4927
278
46
1064
4840
3472
2492
4947
3422
981
3483
1591
4541
3873
4285
779
3218
3383
2282
3635
4442
3332
4977
870
1127
3263
4747
2768
4323
4169
918
2736
1141
1528
932
2175
1705
1987
3729
4647
3937
2004
4373
3135
4634
4128
2327
1337
3505
286
2445
16
1368
3506
734
1016
3387
4752
2703
4063
2010
2861
2008
4150
542
3275
2190
3966
4106
2157
1704
4000
485
1748
387
4933
78
3785
3174
1779
314
2657
418
3267
1871
4385
2457
4532
1476
2189
3708
4141
4651
2449
917
2177
832
1120
3573
3277
87
549
4091
4974
1758
3608
3804
664
2068
1731
2417
1867
839
1637
773
4739
3532
1134
3550
577
2262
3080
3090
2400
4464
4579
4877
2555
1960
2592
2808
4996
4064
1807
139
2706
1958
4088
1965
912
248
4903
1992
1281
477
1317
3311
4357
2635
4136
663
2780
771
420
413
4406
4108
1990
80
3538
1891
4677
4117
64
2768
1932
4198
3568
64
3
1764
77
2523
66
1457
287
1971
2540
3488
4675
3475
3819
4978
2410
2744
1242
763
3181
1956
4545
2328
1979
1093
4788
1500
4427
905
4627
4539
2611
4966
739
1718
2138
155
3016
3434
2422
4635
533
186
4158
2027
2253
4034
1740
943
3251
4857
3697
3801
4199
2538
3913
4291
3908
1127
1235
493
2069
1551
4579
481
3239
4032
1588
3904
2683
178
1161
997
3575
1340
1505
1219
3828
72
2698
4091
2528
695
4611
4943
1698
4234
3695
4214
4596
4900
4189
4980
1762
3279
1983
4042
270
3141
2745
994
3484
1503
4275
68
3180
3924
3111
4202
1790
4456
2545
402
3249
113
821
2384
2062
4821
2097
932
2877
3094
4989
3153
1355
2186
2022
2389
4306
1234
3986
3139
58
1873
1390
2444
3291
4662
3967
1436
3466
1033
4649
4732
3161
4425
4934
2149
570
2964
4509
4004
2555
3810
1688
2543
3347
1957
909
666
3369
1230
2733
3326
4968
797
976
886
793
526
3094
218
2083
2208
3445
817
587
4371
3117
2629
88
3424
2099
675
1481
2297
299
794
3435
1452
3016
3525
1901
3111
2160
646
4061
3957
3468
2233
947
3597
2444
889
453
300
3430
2420
2125
4337
234
1970
2853
1025
1846
4809
300
799
3455
178
2713
1441
3215
4981
3288
4668
2150
956
556
2147
3079
4729
4641
343
2580
4346
4393
1107
1691
4619
4295
187
3391
206
2322
4928
1868
4046
2567
2147
2238
2609
1653
4594
3550
4652
3482
1418
2411
1095
3753
2767
4385
2807
4473
867
2934
3784
4506
1008
1753
3011
217
890
2493
3747
1493
4202
2633
3948
400
2968
1106
4433
3220
184
1008
3668
2147
1868
4812
1319
3768
3907
3301
3875
2101
3219
4610
1310
2365
842
1436
1945
3977
4686
2612
870
47
966
2695
3230
4035
1619
4226
30
2153
2347
4042
4381
4575
585
4989
2737
357
3790
4791
3786
356
3756
3133
823
3487
1155
4883
4556
4222
2240
3908
330
532
4545
2819
1940
2879
1066
3515
2655
4643
4016
4701
1647
4892
116
3714
809
935
1617
3607
4100
4541
4245
4938
3956
1665
3536
1373
3163
3041
692
2513
3447
978
1805
1704
2112
3117
1362
916
1549
526
1646
601
396
2645
2130
199
3350
271
1775
888
3985
4893
4899
272
3643
54
2269
3984
1434
2406
2479
3601
2846
1251
958
575
1694
4743
2270
4478
3393
3770
1292
1068
1659
1583
3099
1759
4761
543
1688
2910
2954
1544
2943
4235
156
3858
2903
886
99
941
465
3087
4570
575
607
76
1861
4589
235
938
2355
214
4138
2034
3109
1512
282
324
2933
1693
3956
1640
2264
1193
4988
4578
132
3067
3395
4556
3564
876
4433
1012
594
3920
4824
3763
2046
3189
475
4108
663
1465
3255
2379
4079
166
1275
4295
595
2162
749
4925
1268
3272
3315
4916
3806
1147
4983
4797
619
3597
3301
3579
4030
4150
3453
3776
2382
3753
3448
147
2043
242
3690
266
522
1839
349
939
2434
3782
2958
4021
2307
4052
4789
689
2909
2110
1262
3171
1541
928
1271
388
2279
50
2558
282
469
3975
4449
4145
2396
4031
4300
724
1109
2215
4110
3925
2764
1041
2759
2525
4434
2499
4059
1390
341
2739
3258
2228
3416
2095
2078
4085
4329
1899
4543
1957
1826
2373
1858
2708
3237
1478
2588
2978
1276
1169
584
2195
1787
2371
4792
1421
2703
713
2012
1734
1509
3354
2305
359
4396
3598
911
1765
3269
4522
3033
2415
4434
586
2049
406
4680
3167
3968
1674
301
917
1024
1217
544
225
196
1413
51
1859
3725
4827
4119
2244
4748
3191
4179
1756
631
81
2786
3144
160
3357
776
4786
3936
777
3162
1847
1162
477
1488
3956
4070
1858
333
3727
1913
513
2969
4397
1565
4606
1714
2062
2846
217
3131
2698
2265
3743
1296
2358
406
1790
1974
653
4347
3666
3017
2707
2631
3873
3446
3925
1814
716
3726
3451
899
4902
1578
3007
3149
2027
883
3896
1127
512
1892
3801
3539
4821
1017
2539
4634
2957
4015
2130
3555
1654
4560
1332
4199
788
1050
225
1732
1214
3653
4120
1719
3576
4941
3881
97
2144
1682
1790
819
677
1416
2248
253
4393
708
4004
1867
849
3698
1389
1590
713
4159
335
4317
1695
1164
3508
399
1742
878
2317
656
1009
1097
294
4548
396
4282
4322
4311
502
1301
2318
1416
3506
393
3472
3496
2218
2850
3623
581
2424
1227
1620
546
985
378
3108
340
2382
327
1386
4779
3037
2099
1014
2892
1095
3380
4817
1365
2950
4149
3286
780
2828
1536
1009
2421
4117
4265
505
3926
2076
1987
717
3918
1656
3177
526
115
3132
4108
1207
1962
4614
708
547
3153
4208
4863
1163
2376
625
2304
4099
3167
2072
1725
112
4722
3750
1799
4061
2114
3077
1260
1045
532
4403
507
2778
3608
2743
1681
2293
194
2908
4533
1349
343
912
1224
1383
159
908
21
2683
3682
374
4924
3255
4675
3237
2522
1193
941
443
780
1765
1714
2077
3485
1963
3372
4817
4764
3191
3413
4120
774
948
2294
1422
4751
4005
3537
1432
321
4727
2548
1514
1095
534
3411
775
4848
3746
2330
242
2411
2746
3669
3984
3373
2585
1376
337
1427
745
1793
4408
3429
2037
4142
3870
575
4865
2754
1350
2559
1350
3170
2625
4994
2880
4904
2267
775
2066
4067
1302
743
3018
511
4898
231
1854
1877
3673
2112
3560
1329
3248
4310
3080
4835
1893
4555
1707
2066
1883
1894
4927
1163
4541
4782
1949
2913
269
2620
285
2056
1949
2774
1790
1473
10
7
2772
1870
2248
2915
1224
3635
4916
257
884
4028
4090
801
3125
673
1330
4573
4926
2028
2219
756
3653
840
21
1077
2888
252
4451
4225
4109
2244
4311
2705
4119
4810
450
1488
753
1121
134
1256
1303
4250
1463
808
4492
3653
406
382
1416
4382
3641
4911
1823
3690
1898
4779
3057
4428
3635
830
2403
727
4759
1052
4440
1198
1696
2832
4992
1836
1565
1769
3417
555
3297
1671
580
2237
1546
4192
2259
2849
3149
3638
2194
2301
1753
2952
586
4385
4252
4180
3353
4060
1417
3546
275
4221
2167
2069
342
88
132
1712
4320
2549
942
2072
2548
3266
3756
4773
1334
3687
3104
4475
1730
1866
2435
1648
2025
3064
4529
2980
1553
1085
2274
3786
3975
4144
30
1659
933
2059
1231
4282
4967
2053
2549
983
1069
4008
3104
2180
1272
4662
4415
1050
2818
3785
726
2353
1298
3141
4081
4001
1524
4282
4032
4437
572
1291
1257
2160
4572
2259
728
3959
2395
1707
2353
1665
1136
4445
3255
4273
2322
3970
3953
1280
2748
3544
1087
4971
4020
1585
4025
477
205
2795
2284
4499
1183
3364
4925
103
2371
1244
600
3441
3041
375
1609
4809
846
2800
4657
3723
496
3585
2655
1576
368
3493
4519
2858
4660
4410
4855
3000
3923
4626
1486
2540
2926
1855
4437
2401
4503
3387
2590
2157
4654
3977
4697
907
2072
1370
2752
1850
3151
1890
1835
2492
2746
2065
2911
4721
3941
1733
1184
1292
4083
1153
4671
3422
2895
3452
2445
170
4078
4029
4577
3753
2547
4245
1
4326
1158
4830
705
4352
1764
2988
2516
3255
2423
75
2068
3618
3480
1448
3732
2915
4491
3191
187
4419
1598
528
222
287
2304
922
2210
2989
2201
2659
436
40
3619
3807
3661
4514
685
4966
3321
2516
4811
1138
4337
1216
2483
4922
356
3375
3468
408
2358
31
3365
1521
3467
4518
4647
3905
3085
1447
2749
1046
4973
1834
2660
2533
2128
956
4427
2591
3929
777
3029
2402
549
4277
1468
2833
779
4712
1110
4428
1680
3338
2895
246
920
1644
932
76
4967
3069
4246
1812
1513
1311
4364
1760
3965
2715
652
1909
3975
4496
1808
683
984
1521
1429
2595
730
1863
3242
2143
3053
1751
4767
4564
3907
2492
2992
3427
3066
1905
4227
4837
2192
408
4143
2936
190
578
3982
3935
2583
4689
4222
865
1050
345
4531
193
1741
2113
3949
3125
725
4571
2305
3053
2736
3559
537
4796
4792
1068
4596
552
3706
762
644
4970
4718
3587
950
4553
3695
1637
1851
1716
1787
3348
1692
1497
4006
1152
1872
508
4826
3925
563
4980
452
289
272
706
1891
236
3703
3842
2596
2645
1339
2423
1685
3403
1925
1519
1482
4389
4275
547
3208
1506
373
2357
4535
353
4719
493
459
2721
2350
2658
2446
432
3071
495
4850
216
4851
2683
4996
4160
4331
3114
7
3407
2365
1189
4942
4960
2644
2404
2170
4657
2208
1866
2884
371
1235
884
1040
3628
2414
1350
258
4402
1067
1716
537
3289
3439
2896
2906
1529
4190
898
1560
927
3652
3096
2403
4286
408
4179
3332
744
2598
2298
1496
4583
2873
775
1109
1528
4106
2882
3772
1411
2625
3185
2210
1253
2461
2120
3731
1983
4830
4031
2847
3687
940
356
3237
1600
3814
1010
3142
4660
4206
4799
3958
2781
3633
3377
3444
1439
3007
2923
4859
667
1605
4558
2759
3836
2088
2077
3640
2271
3127
4840
4643
1293
4985
777
2001
2583
2924
1414
1010
1914
1765
1386
3267
4201
573
1510
2336
1054
2776
1057
4852
3211
4956
1857
3762
2893
2207
3050
4652
3920
68
4883
745
147
4879
4322
2366
1303
2422
367
1708
162
3938
2565
3029
1974
2155
2575
3349
2804
2123
4880
4247
269
3047
4944
1151
1619
2976
2367
3945
4780
4217
3175
4096
442
4319
549
3045
1331
2505
515
4776
1474
150
4127
3243
2314
3833
3264
1713
508
1645
2060
4924
1822
2869
3652
3542
657
4977
1269
4597
2705
896
3902
1446
832
41
2030
4637
4236
2040
4394
1617
866
2266
1040
2959
2662
4642
110
4497
2624
3577
528
3587
2672
2261
4739
1502
2810
3586
4907
3275
3791
4006
1662
4329
4780
2767
336
4283
1072
3989
3002
3589
4091
4171
3677
140
1999
2155
3285
4543
4653
4653
1022
2764
3807
4094
2842
4372
4872
2286
2898
1338
467
1488
213
3634
1421
3522
2973
1262
837
2950
221
4605
2179
4994
1049
2991
150
329
576
2050
4682
185
364
1674
2032
1117
2958
3577
2923
3012
1174
1396
3903
3603
4050
2696
2789
2625
3969
4860
4025
1208
3049
4264
1492
3685
2607
3637
1482
511
4850
4559
2178
792
2170
568
3742
1960
1443
608
447
1149
1721
3841
2777
2917
3498
680
1336
3557
1553
4639
830
3453
2018
2729
3775
4064
185
2003
1024
4107
3458
620
2902
2900
3665
1004
1030
677
4337
4734
2327
2858
2838
1476
164
2625
2660
2030
4245
4450
2889
2002
4718
1680
2796
42
127
768
4199
1199
873
425
3497
4971
1121
923
1187
995
2182
2524
4380
76
174
4338
3372
4102
2032
592
2378
1152
4018
4982
1104
335
363
3984
3054
3852
3528
4091
2652
4625
2794
838
4309
4237
1517
382
537
739
4935
2791
3409
1249
383
3662
1573
2082
2191
2654
4228
2289
776
2477
2703
3304
4848
122
4499
1017
3956
853
1189
1628
2989
3997
3972
4870
3007
945
3665
3319
4267
4300
199
4050
1401
4668
2293
1222
101
3119
459
3653
3620
2678
1040
3014
2912
173
1391
1752
3266
4371
649
2884
78
572
3629
2547
637
4039
182
1810
3755
3106
2410
1935
2249
4378
4169
1707
4709
412
3874
3290
29
4843
4115
1625
3441
2095
3401
4518
1644
4851
909
4790
3699
2689
3620
1925
3782
816
2499
2513
700
3453
4644
2416
2414
2076
546
4073
4433
1215
2637
2493
4109
2300
2118
3082
4291
1489
4424
1195
1037
4129
1169
1411
4962
4892
2078
4270
993
4958
3488
4956
4150
1694
555
470
4884
2774
149
2025
1857
1087
1919
2966
4498
3078
724
3033
3994
4095
1045
3632
4861
2883
1801
198
1710
3569
1385
1228
2402
586
1858
4327
1299
2847
2672
1446
4400
1273
2471
1825
82
4316
2333
666
3198
1528
2526
1452
1148
3861
4907
4980
3999
139
2692
134
665
353
1218
2532
3624
2194
1493
837
2532
4082
3913
502
4032
4067
1185
4326
4276
1143
4063
1071
1622
4502
1326
2959
1157
4112
794
957
4530
2878
3664
3413
3617
1229
4286
2231
2350
4385
2511
4498
2488
1935
2905
4311
65
3200
3136
3672
2987
2399
2368
1278
742
1854
2882
2657
2063
3944
2647
2299
4723
972
2449
583
1920
4157
1485
3834
57
4050
297
3527
506
259
4510
2985
956
731
3236
4613
2099
4646
877
3075
4052
3911
1921
1972
4822
981
1172
1525
1040
4816
2818
3129
1666
1842
3653
3661
3623
3453
3350
4473
507
546
3177
264
2151
2704
4042
4568
173
3333
4551
237
3007
584
3857
2390
3769
4197
4248
2446
4653
2964
64
4376
4718
3765
86
2748
4827
836
1959
1277
3633
3833
2021
2643
2826
2094
1353
1393
3855
3207
4827
4826
1917
21
4311
4620
822
4130
2166
868
1691
2766
2623
1695
4267
803
2666
2273
3965
4006
3360
4125
2774
1971
3982
1046
281
3907
3473
921
4436
2198
836
3967
582
4828
671
4457
3062
3121
1612
383
1507
2575
1795
4766
52
469
4800
1755
3620
755
3785
3817
554
3959
3348
4303
2764
3581
4248
2457
2855
1938
190
1938
2062
3091
3335
377
3890
1645
2536
3395
376
1721
2190
4166
3704
920
4519
3876
3682
2826
3038
4430
4820
4570
1316
2741
2548
4273
1436
3356
343
4909
2066
2017
1517
1956
1578
2922
2952
4061
3474
3163
1953
1013
4324
4695
1770
549
3498
2957
1076
4957
3428
1345
953
4596
2927
3564
3961
436
1019
1724
627
1256
2997
3936
499
3173
3146
2823
382
4989
688
2821
92
1362
1386
4113
504
4017
2834
3741
4942
2379
1537
2475
714
2592
1087
4814
4007
275
1381
856
3983
4591
202
2558
2710
4686
2335
2309
2723
1076
2310
2063
191
4436
1084
2086
2436
847
1063
3530
4450
3668
3939
1658
2283
2173
4388
4565
3930
2032
3556
986
4894
1419
2610
2547
644
4137
3674
1557
3841
1762
1019
3851
2781
973
2615
2697
3819
1657
3852
3244
1123
2601
1784
4249
4170
3809
1011
1469
3610
3785
3839
3188
3198
4185
815
983
4305
3556
4203
1485
1179
1100
4972
1971
1537
1798
109
3963
218
1762
3267
3610
3084
249
1472
2756
4489
4733
2346
435
1797
3599
2863
850
2090
1626
3512
4390
4507
3232
2813
977
3618
3056
4347
605
3952
4702
1560
3364
4900
3152
3201
4289
2884
1819
1667
2769
4871
4559
4202
1006
4045
3360
1349
4485
3771
3626
863
1904
2491
2427
4614
926
3314
3495
1202
4586
4124
375
2398
4060
4482
4247
2149
3021
1135
2369
3293
4959
2067
4159
1331
1357
3908
4984
1009
398
2082
1049
4028
3343
2086
1696
4192
1052
1457
588
3966
3045
532
4880
1581
4334
3322
1310
2044
4318
2912
1148
1314
4328
4865
1873
517
2751
3481
2360
1894
4738
3923
4540
2072
1945
83
2395
760
1594
3226
1507
2117
457
1618
3338
2926
3315
3094
317
4624
2103
3845
839
2941
3472
1822
1978
3181
3375
1656
4712
4374
3821
521
4708
228
1880
4194
2504
630
838
4771
4586
3135
1435
2925
3668
4127
2402
1078
3546
3864
1414
176
2962
407
2452
469
4927
4753
231
402
3086
811
2848
4170
3117
2657
1689
3125
425
2979
4116
4650
3740
4366
3082
3333
470
3908
3780
667
1977
940
98
736
2443
4384
4211
2539
4900
4409
2110
527
3694
1340
3932
2806
1716
4247
2904
2144
266
44
3610
386
1048
1803
3561
1073
891
4571
3135
1312
1797
3880
4667
2056
2739
4232
4819
1619
512
1480
2015
1956
4450
596
15
4610
1243
2070
2989
1454
2752
1881
633
681
1637
625
3396
4202
1060
3664
3799
694
