2063 1686 1190
3701
1595
733
2868
4805
466
2445
3958
3298
1559
1071
1630
1818
4552
1830
4317
410
3460
4807
4892
170
4399
886
2392
1578
4553
4588
233
3955
3100
4129
1911
3339
612
3726
885
1604
1391
3304
558
4626
1627
677
749
2221
4042
2300
1269
3503
1831
4194
1526
485
2106
3448
816
1888
2549
639
3508
694
818
2058
4609
4556
2113
4121
2698
565
3853
1393
4232
751
1730
3377
2906
324
530
578
509
4603
895
1606
2448
4125
2534
1800
4582
195
60
1684
1004
4318
304
2424
658
1122
4274
595
670
1034
3983
2601
897
836
1898
918
483
439
3096
2058
4003
1437
3289
4126
4700
3432
1551
583
1648
2299
602
14
1831
4902
3734
3073
2472
2060
2439
3389
1265
1242
2403
3440
2414
599
2837
2179
3903
2762
2869
2107
4680
1999
4036
4137
3295
1973
2163
259
1734
4217
2755
2781
2907
3786
1880
2294
4149
3832
4108
4133
4624
1440
3988
1225
635
2065
541
3430
657
3254
4816
128
4179
805
3348
726
3536
3169
4604
4514
1221
1239
686
893
1186
41
1235
2731
3010
2793
3010
1432
1764
4929
4579
589
1424
574
549
498
4674
4428
2930
3172
2102
2312
479
4982
4859
1939
2244
3115
620
4315
3077
2381
3669
1085
1191
2286
1400
4284
537
2268
4357
2876
225
1404
4146
1331
4023
2696
1853
3765
3148
4547
1022
2053
4925
930
3955
3021
2263
4094
3743
4873
1529
3987
2656
4172
1480
2546
1975
3535
1636
338
617
1887
4924
4661
2871
282
709
980
2257
2421
4460
3279
2939
4696
4984
2022
393
3892
3267
743
2549
3184
3798
4150
3321
4945
4346
256
476
4039
3135
4712
190
4821
309
530
3338
233
1000
1071
4229
3706
946
944
1328
3629
4023
3543
4223
2364
3989
1465
1757
854
4622
3927
1864
3416
4513
1605
1908
1881
2154
1423
4963
40
1610
2999
408
3562
3558
2443
1115
1657
478
520
1429
156
3780
742
4684
2769
3163
2431
2847
2225
1428
4795
2203
257
3771
3844
4831
4756
4127
333
4077
3919
2278
3557
3431
3970
4376
3633
4084
341
716
3959
3518
2007
1571
4598
736
1878
3070
364
851
1464
1053
1652
4679
4146
213
2795
4531
3495
2795
4609
1539
2885
3086
65
1638
2682
2603
2286
4683
1114
2962
2038
4456
1408
4799
4230
2254
3316
1858
430
3026
2172
4893
292
157
1221
2368
2942
4350
4642
2420
4515
2735
1438
3690
3654
2236
4750
3946
270
2336
4562
2067
2651
4085
2169
3190
3590
2077
416
3183
4896
2146
4252
2841
1525
1501
2235
3480
930
4965
2575
4188
3272
2640
3987
4901
3786
3225
2326
4360
4927
2324
4596
1767
1690
3131
39
1944
999
805
1576
2063
4105
1691
3416
236
1699
2567
4797
3668
2810
1653
1162
3514
1469
1946
786
3255
1366
4578
4459
2445
11
4288
1214
2667
489
3034
3112
2931
2309
2353
1554
2995
2470
2184
4048
4386
4229
247
1527
3644
3837
4542
833
324
2015
4557
3992
1149
3588
2095
941
4973
2515
3753
2560
3403
1382
1334
31
3184
3021
3404
4319
2921
648
1162
405
3096
3198
4397
265
525
4200
2347
2155
1603
4251
1228
3113
1387
4271
317
2982
666
3352
3910
2198
4375
3379
309
4356
730
798
1684
2812
1152
3807
2367
3314
1913
2053
4384
124
3213
4082
1047
3599
2135
4573
3629
4638
3050
3283
1730
4657
471
4773
3266
2227
3950
3098
3515
2551
966
4016
2973
3140
4510
2167
4319
2766
1801
4864
2219
4911
296
2164
3301
3991
4074
3475
1008
3403
69
1183
3773
2347
3993
2497
777
358
4969
843
4298
2470
3912
4594
4698
2267
2334
2245
384
1559
3582
3542
2747
874
3473
4525
2678
4200
1515
2239
2237
1593
3305
1855
917
2005
3533
847
3986
1259
1208
2170
4324
3866
2731
1014
3380
2008
3748
1708
4272
3781
3344
310
3632
4068
3023
2207
473
344
1688
3470
935
1347
3311
3206
1839
114
3330
608
4027
4896
4768
2434
1017
2503
4316
461
1168
4355
4784
4578
3896
4791
3316
4810
3910
4184
1052
3219
991
830
2614
2681
3276
4194
1858
2987
4226
1298
4476
4505
994
4631
3136
2720
4876
2396
2953
4589
2913
4032
4469
4464
785
451
1955
1096
3052
4232
1149
3743
1489
4085
134
2353
371
2635
484
3966
317
3976
3025
859
4660
1784
435
448
3970
4121
1119
2988
2765
3303
2942
1817
3500
1226
3339
1961
2992
1878
3119
3529
496
4779
3369
2451
46
4743
3418
3736
4747
267
4250
1925
2557
4665
2814
4285
398
2742
2196
3488
1041
2006
3965
994
2868
4743
2260
4851
2283
3455
4168
761
321
3983
3622
1299
3747
861
2676
3802
69
822
631
401
1810
4100
2807
2057
833
3801
1094
4901
1122
2124
4470
2567
4335
2542
4615
3681
564
1026
330
3601
411
3184
72
2400
1535
3328
2189
2928
1383
791
2856
660
3380
2345
74
3196
3040
2467
458
99
2333
2101
784
4103
2622
3167
2616
3010
1708
4754
2993
960
3380
2454
512
2763
1590
1577
2963
2284
808
4412
2383
4197
97
2242
4073
3182
486
4070
3239
532
1306
301
1594
1226
3179
3953
1483
4104
3437
2046
4087
1060
2928
1181
73
2790
1024
4124
1087
4982
1508
4739
652
4305
1328
3584
3480
2613
2892
3701
2072
4406
1494
2430
1388
4134
653
1621
697
3906
3999
794
2077
4230
79
4781
2337
2855
4121
4737
661
3144
2062
4477
4448
4592
3609
1065
2112
2580
648
4262
2967
981
4502
1198
2248
838
4783
1909
4711
4296
4834
3331
266
541
3662
2357
67
3165
1333
1367
3017
2005
4881
62
1699
1988
3310
1242
780
3146
21
2397
3836
70
3967
518
4915
2656
3773
4238
1089
2396
4186
1913
4465
640
3721
2135
8
4949
3799
331
4345
2812
2383
2337
1994
1230
2616
2544
1150
4206
3412
4309
3852
2594
2673
1683
352
1371
4516
1818
2757
3826
1183
4182
3601
3066
2981
4070
3508
2611
4307
2093
4451
3496
174
1953
1299
1366
338
3914
3631
2625
429
418
4977
4117
3576
3958
4864
4056
2924
3265
1804
1609
611
2403
2057
3929
3141
4213
2453
1985
3326
494
1903
3580
3949
2050
4168
987
1679
2010
4259
4314
4570
2200
4927
1405
4008
1399
2247
3326
2489
2406
434
536
4783
3061
2838
3834
572
716
2658
2850
892
1622
3870
733
862
3027
2811
1648
2931
4691
4718
1148
1640
1108
3783
4527
4771
4599
2794
3181
2224
3094
3745
3444
4087
1841
129
2976
339
2865
2794
3279
3295
650
1749
556
1226
2478
3224
2152
4394
67
3686
1784
4306
1532
2576
4778
2070
3952
4052
745
3484
3046
396
681
1224
4263
1824
3589
3182
1869
3223
3927
2369
1243
3413
967
606
4687
143
2505
1921
81
2425
4027
3394
1032
1915
1505
3577
4798
3101
2173
4253
482
3375
1259
2884
2953
1163
2694
1036
1737
4039
980
3814
3807
314
1536
2402
530
405
2220
1558
40
4200
1121
4217
1641
1171
1673
321
3844
490
4103
3611
2007
2433
503
1060
2772
3670
576
418
487
3637
886
662
4584
1684
2761
7
2801
1723
2591
2922
3262
2112
3535
2091
962
2057
742
4169
912
181
4229
4931
4588
1942
736
1052
726
4140
1760
109
747
2976
3649
3397
3468
2505
1842
1969
535
4805
4810
3891
3982
2617
3361
1820
2435
2611
163
3716
1229
3258
4685
1825
2131
2811
2415
1853
1922
1575
403
2872
3627
3088
3686
3792
4226
471
3538
2581
4734
1389
3549
2501
1012
4162
23
1829
2182
455
3101
1802
2636
4438
335
1879
1206
1477
2509
3801
2104
196
772
1766
4074
4201
542
3234
743
4120
784
1081
1859
3382
1485
4776
2124
4520
807
3271
479
496
2285
2498
406
4083
3687
2545
130
285
2523
4796
864
4700
4240
4184
4846
1461
306
1361
964
3096
824
1829
126
4993
4084
1016
2669
187
3320
449
1541
1184
4038
2390
2174
431
527
2118
4898
2639
4481
2762
3240
3212
2894
2285
455
3866
4484
3509
4965
856
2299
1102
3924
1282
3938
2596
2838
108
4134
3726
2965
2892
3422
4273
112
2832
920
3010
563
4973
4982
3470
3169
2904
2630
3941
382
1555
874
949
2186
1328
3554
3857
1443
4934
1158
159
1495
1161
40
1630
1802
4109
1258
2952
2040
2186
3936
2947
2081
3199
2643
3186
4295
4738
4663
1112
556
2054
17
78
2758
1888
3210
870
1817
3657
1655
3717
4545
4551
2559
3778
955
4110
1784
4142
1568
2846
3227
1619
4965
3003
2471
3138
4127
2390
677
4739
3837
3244
1002
172
4982
3588
1377
2871
1245
4557
3392
3445
1832
3201
1299
1845
410
4164
3593
4187
1139
1639
3121
3159
4100
1722
4922
3077
4053
1479
1858
4445
2921
990
4377
1531
2247
3725
2931
2154
615
449
4803
3549
59
1394
2947
3130
3158
4027
835
4827
37
4328
3096
169
2149
2476
3820
4087
4510
1099
1518
754
868
1555
501
3080
1846
2071
3269
2902
347
2374
4984
3783
4469
4895
3096
1529
4604
4050
1921
183
3081
971
1648
3056
2493
2329
1383
142
3803
2809
361
4696
3021
2016
1723
651
4850
3123
783
2056
2356
4434
619
2421
4145
3106
3505
3069
1795
1029
1778
3200
1958
3635
790
3351
1739
4813
2242
4254
2410
2070
2726
1967
2937
1243
383
4922
4301
4164
4955
713
1285
3519
3021
4206
4549
2031
1586
1933
2375
3285
3415
2673
2596
3741
2508
3180
1991
2813
340
2322
2645
589
1435
3297
3270
4972
2397
4743
3324
585
1044
1518
4464
2892
3190
2335
2058
2158
1468
3421
374
363
1235
419
10
252
984
1876
2517
3703
2780
2614
4938
3474
3254
2355
3255
2950
4663
4176
1829
4750
3922
4138
4861
3368
2525
300
4311
4149
3015
2750
3116
679
4224
988
314
4513
4888
3752
5
4477
4471
1021
2896
1714
1078
1282
719
1764
1482
1272
3350
1118
4190
1004
1024
2099
873
1951
3975
209
806
3541
4181
2646
2231
4634
250
2373
4868
236
792
3842
4195
2233
228
38
3297
2588
2300
966
674
2242
1532
9
2450
2104
3150
4660
2868
2075
1702
3199
3861
2639
1110
1229
1337
1069
1636
4264
783
4971
441
4043
112
3128
4145
372
1721
1247
3227
3489
3782
3485
1298
3763
3941
3381
881
1657
2274
3576
1091
3021
4179
969
755
2985
240
3443
4204
3629
4678
1291
2484
1583
2346
2609
3434
2360
3207
777
1092
342
1575
2792
4541
2481
3995
1665
2732
4644
2774
1140
467
1057
704
3610
916
540
2880
283
196
2050
440
4842
4715
3540
4404
4992
4509
3322
4331
4190
639
3811
4688
1628
4601
1652
2160
4094
1973
4890
2615
3647
4524
2801
3379
3397
43
994
1848
4088
3776
1210
1026
4246
2925
924
3782
4874
660
1882
3195
2272
3216
1187
3480
2937
3389
2780
985
998
3859
4191
3430
3149
2662
3501
4285
144
4472
2422
4091
3766
4507
4149
1384
4733
4652
2509
2174
484
74
3796
177
578
1634
2960
488
2075
2574
46
1610
2318
2377
3822
2929
4795
118
4082
67
4427
210
2370
3123
2711
841
1941
654
510
3838
487
2982
4260
3470
3778
3553
4057
3434
4160
107
400
4896
2209
1322
649
559
3609
3531
2826
2323
2170
3952
1090
503
1122
3857
127
1428
3458
4176
4171
4822
898
2656
2268
159
2126
4691
2356
3204
189
1516
1650
3580
3716
2787
4546
2083
2948
939
2609
3149
4806
15
223
4928
789
253
2160
4862
4765
1009
3150
4867
3781
4037
985
2888
4468
2866
998
209
3825
2293
1688
3762
1993
1192
761
3541
1921
4745
770
1437
249
907
1300
1757
4571
3746
3677
2703
2407
2887
1824
3326
4405
217
3875
730
2683
307
295
3964
3795
4071
1466
3468
1694
4255
3691
1587
1367
1132
1403
4852
3768
622
1324
2739
3930
2423
2496
3568
611
480
4203
3426
3856
4344
4910
386
4367
4259
4506
1273
997
2960
2613
1288
2671
3480
2091
1129
2389
417
3507
1696
1717
4082
