4273 4014 4885
3317
1214
1553
512
4007
2552
1804
1971
2447
4167
4621
416
3283
708
1333
2772
4234
3287
535
630
644
233
3250
2447
3341
2779
2783
4427
3991
211
1953
3858
2864
2788
933
2661
4520
1979
637
589
3891
1313
2747
766
1985
948
917
1401
2502
4736
2690
1232
3005
551
2101
3672
4613
1274
4833
3528
773
888
4694
2713
3234
217
2768
2881
4450
1389
456
4273
382
1484
1111
4593
4418
1743
1881
3069
4217
2552
3604
871
374
4612
1900
1261
231
3975
2646
1191
754
2736
716
1245
2768
4880
549
2753
2175
2718
2582
4549
2783
1529
3318
2419
3316
1389
2769
1815
4109
3527
2399
4359
3594
70
170
3898
3392
1504
2451
1405
2639
1933
4632
4883
1608
3822
368
3306
356
4030
2648
3269
2592
1259
4466
2337
3358
4784
4501
4960
3261
588
2387
3029
4062
2843
2509
4168
3699
3533
2518
449
3755
189
770
2887
210
1144
1526
4528
974
2926
1894
2202
1638
2562
422
1341
506
1619
4813
4176
1912
1609
4190
802
2970
3263
4622
2505
424
4120
4717
793
1698
1670
4020
1883
1938
4402
955
3058
4659
1687
3045
250
3679
402
1064
1114
1228
1870
1624
2732
1680
3128
2212
4237
2476
3611
2862
2258
4946
4895
3523
4820
4754
1817
1534
144
2983
4207
1589
589
1467
706
924
2118
1614
3940
2900
4597
641
1920
2792
744
3860
925
2219
4912
94
815
2800
3079
1174
3594
4845
3431
559
2003
1364
4976
2018
4479
332
3850
1666
4021
814
3360
4165
3544
4519
4607
3745
3084
8
1529
3623
4502
2573
2480
2227
1202
1841
4249
3100
4836
4460
114
2859
255
817
319
3395
2848
3599
461
2164
3909
3939
1342
3955
4430
864
3049
2994
3072
3710
150
4791
637
4966
4720
1710
3947
4936
1365
637
476
1003
1344
4295
3837
4399
1174
1225
1456
4985
1448
4219
2193
4934
346
4083
1777
651
269
2240
4898
4733
2421
1287
3976
4532
3296
2868
1529
2417
3084
1991
2213
2128
4910
2325
2244
1552
4333
2687
512
818
1735
4528
3521
299
1013
3771
4291
4624
606
1500
581
614
1673
736
4006
1458
892
3461
2393
1441
4692
2666
2033
3342
4634
4524
607
2219
3004
4731
1879
4519
4231
563
1733
2410
3373
4315
382
1099
3282
4099
941
2163
2103
370
1024
2769
18
3919
1420
637
4195
1850
1458
1671
3735
1690
604
243
2610
3074
2538
1793
1703
4982
3527
4150
1509
95
93
685
4666
3064
2380
1487
399
1284
1156
2257
3862
2809
4141
4095
4092
1081
985
613
1318
906
543
4197
4529
4071
2268
2585
3820
909
763
1126
3514
2470
3479
2617
869
366
4050
3352
3893
3739
1397
662
4703
4091
4179
2954
4855
4369
3021
708
884
582
254
842
21
1352
1215
4351
4341
3982
3891
4309
3768
1602
3155
3514
1848
1808
3562
3568
24
1981
3260
1538
2385
351
810
2377
1156
280
3819
4779
2478
1824
1745
971
3541
2232
2573
4761
3840
3328
3854
324
4416
2397
6
953
2360
4435
778
3929
4931
4051
8
3096
4224
27
2130
822
3025
2754
2338
1392
2186
897
382
3001
3169
4432
2470
1931
3042
1727
4547
3026
3783
4079
4574
4705
1471
2567
501
4710
3166
3292
1617
3105
3923
3656
682
157
2578
2471
2559
4124
2505
3911
3898
149
2104
863
360
715
3210
558
3220
3450
1499
2501
366
2499
1189
4667
2315
4494
2441
3113
4214
4090
3653
1065
901
1116
1966
4444
292
3588
2730
3441
84
4915
4220
3088
209
4137
660
1958
594
1787
2469
3063
2201
4207
2358
3576
3472
3797
2483
709
1535
2058
1109
107
2333
1432
1626
957
4353
4766
4927
3344
2993
3428
1565
3386
4001
3328
1788
4391
2880
1188
1084
4284
2918
52
380
1065
3917
2192
4849
4133
3607
3892
4648
4910
3891
1865
2377
4635
4973
2043
2053
3481
4424
4103
1035
250
3187
639
3676
776
2011
4367
4316
472
3397
54
3360
1485
4423
1788
3928
3834
3994
1735
1674
1314
4034
2858
2798
1368
1531
4605
4833
948
1188
2436
901
3081
1327
2144
1140
2103
2141
3519
1571
1829
3421
3454
2036
3333
4760
2649
2566
402
3490
755
2662
746
546
3656
4202
2787
3476
3771
3275
2330
1944
1157
2917
643
4780
2716
4007
891
2594
3394
2319
1347
4046
3989
2437
3626
3067
3819
3561
2013
1442
3506
845
2597
2808
4428
1716
1630
827
4559
2138
1490
3335
2042
1621
3101
2513
2722
4460
1189
1276
1292
3405
2572
4408
427
1491
4855
3158
2439
3249
3241
3683
3568
2061
4702
670
1673
4237
80
1336
3323
2959
206
3440
273
4439
4325
4981
2149
2446
4855
1744
3702
514
4324
305
4776
2551
2438
1353
4811
1972
202
3052
399
4475
4194
4061
2847
253
1272
3028
1575
1621
1710
4359
4986
1535
405
865
3285
3294
3176
645
770
1541
1066
1493
4391
433
2928
4634
3446
1027
1119
3066
865
1803
3286
2816
4819
3849
4584
834
3694
2358
2833
3595
3629
3387
1734
3974
2480
2830
1276
869
1201
1144
3380
807
977
2795
4054
3758
1745
428
1346
1447
2500
812
3275
3586
2536
2518
97
1791
1244
2405
3577
4538
776
3051
2573
953
2420
821
4075
851
4479
4711
455
2780
2361
2255
1413
3953
2336
3280
2312
2832
1902
1055
3691
922
395
1666
4268
926
1980
1863
1040
1212
2429
1771
57
2257
3058
4795
1579
4260
59
604
2046
1755
4786
1192
234
2635
2013
3216
2572
4668
2794
81
3472
1799
3517
3732
2790
576
3251
4943
2644
4188
3623
2878
1490
1905
4368
4848
4010
3586
1152
3697
2768
638
3795
4520
1702
3605
3123
4387
2678
4493
2467
3645
1324
1316
2301
2792
3070
2444
390
4347
2599
2215
2659
1409
1799
1474
759
2231
1645
622
2098
1166
3059
2758
3904
3927
1227
85
1879
3521
1494
880
4487
4492
417
1879
4585
686
1210
942
4256
4943
61
1849
3068
4314
557
4079
2494
765
474
611
2643
2421
2163
702
4265
287
974
4121
1460
2281
2904
84
2273
899
2721
1143
3733
2215
4289
2539
3247
1870
3783
2056
1106
563
191
3102
4753
4786
3480
4098
278
3840
3469
1817
872
4097
2629
4614
1082
499
1276
4137
1762
4500
3641
4560
1959
1197
227
3868
1670
1129
2933
1687
729
3223
4919
2902
1392
2099
4449
418
2728
1759
786
13
3501
515
4191
2559
3521
4136
2214
2451
1366
1949
3227
4868
1521
2339
1825
612
3066
4769
2349
717
1146
2752
825
1705
213
1347
3956
3133
3262
1873
2179
3926
3933
3251
4141
3154
4131
1026
4681
916
1054
2021
492
795
3357
2403
2997
3456
457
126
1061
3019
1929
2158
557
4320
691
952
1585
2422
4793
4424
3962
3767
1457
1311
4477
1505
1583
573
3987
1595
3642
1905
1234
3828
519
170
957
3853
667
1774
4001
4885
335
2654
1823
3875
2624
256
4741
2638
2423
2405
2062
288
1282
3332
4097
875
2897
4309
2688
1264
1413
547
1401
4083
2984
1628
746
2852
3275
2016
2794
4441
3081
2364
1499
1819
1700
815
1142
462
3499
1059
3442
364
3891
4430
3115
1437
4905
2853
3354
2082
1814
917
1977
2541
2831
227
2574
3757
384
1868
3565
2643
3837
3741
3065
2962
2217
2763
4316
2161
3751
3878
1397
939
483
4112
3968
3768
2936
4535
1776
3511
2942
4459
2117
2665
765
2390
3482
4619
768
3005
3338
474
4260
1865
1594
3469
318
779
876
2268
13
1043
1541
2597
3933
653
1009
3484
519
1267
1644
3789
337
800
402
4040
846
2753
3078
4169
4843
373
2700
1225
2643
3538
1211
251
1340
2711
4918
1255
739
2954
3718
1426
4738
3004
2517
4719
782
2191
2652
3625
687
1800
1546
701
3899
1102
3611
2332
3653
3003
4152
1407
3610
801
841
3853
3897
1556
3430
2126
2676
1928
2784
4696
2249
14
4709
1464
1502
406
1722
4687
4466
4534
258
3888
3063
2618
822
3942
4862
2652
2822
4981
4659
3942
840
22
4913
2806
1049
4750
3859
2399
388
4180
4497
1298
2658
2240
3938
3528
2259
3548
4711
1731
722
4303
3279
3739
1493
2644
3611
3748
3082
1293
1675
4749
3064
440
1850
3119
1922
1955
3417
4697
1496
1356
2587
4040
2966
1967
3105
357
42
1135
2252
4862
3505
2266
4351
1788
4562
4894
3876
4496
3695
3929
1671
2221
4841
2836
3469
2214
2311
1813
4944
3026
2830
236
203
1310
3192
4323
4329
3938
2807
3412
1205
4168
3225
1389
1368
228
2981
2928
1473
461
3558
4774
2753
4723
808
575
1817
1339
2409
3726
3599
1791
3297
65
2821
3478
3140
1624
589
755
1804
4990
2297
2010
1551
2825
981
3860
4233
789
2255
608
3084
4337
1282
4289
4773
3574
25
47
114
201
103
377
3491
3000
1561
1635
587
1320
704
1833
1120
4944
3938
2527
4078
781
1423
2233
4678
4386
784
3330
375
1653
2634
1177
565
1231
3296
3129
1775
3766
848
185
4371
3863
3436
2058
2977
439
930
4788
4801
805
3772
970
3014
4034
4659
2874
1051
1208
3632
237
3394
1297
3924
1936
1208
472
3652
302
1470
1874
1582
935
345
2121
2672
3452
330
4983
2599
4656
340
2127
1981
4892
2655
2553
1437
2497
1397
3638
1744
3165
3463
4362
1060
2949
789
4966
632
339
2296
3106
520
4782
3781
2332
4558
1906
3317
2563
2567
3751
4288
1463
3572
1372
936
4985
1687
3364
971
3301
2923
85
2163
3412
1346
578
704
2445
2193
1449
4557
4901
2887
1110
3290
4540
341
1098
3620
3797
4542
4371
4212
3818
959
2247
3543
2164
1350
4252
3700
237
24
4656
1818
4321
2708
4152
3654
1792
3006
1525
4729
690
4379
1421
1345
1652
3684
2663
2301
4804
2987
4486
3634
2229
917
1170
4153
4681
178
1781
818
644
874
4373
946
3437
3651
2191
2175
2035
2710
3772
415
2245
3237
1199
3117
3474
3328
713
1511
2734
4419
2046
2129
853
1745
3502
2325
4202
2383
2014
47
2971
4706
2463
377
4150
1429
3211
2841
4293
1123
2647
2835
1274
1534
4437
1223
564
4887
2308
3002
2114
2313
162
4273
1728
3166
150
4155
4182
3373
2545
2029
1537
3163
2338
3612
1571
1037
4963
3061
3164
1340
2114
3958
4882
2958
4131
4792
4755
101
2462
1503
3516
465
1017
615
2179
2337
3650
1903
3014
1237
2586
4385
3950
3943
3000
4909
3505
2161
2567
2228
2870
3592
2452
2320
1640
3110
3751
3685
3826
4081
150
62
1165
197
293
4210
3496
4051
1122
2828
4106
3486
1975
2350
2288
4497
3057
4596
4138
4426
2690
2681
4949
905
2720
2590
1569
3611
3383
3721
4528
3746
4677
1038
4278
1905
1216
3033
2108
1398
76
127
1128
1909
4277
3462
1749
4431
3042
731
4993
2614
2939
215
3664
1147
1935
637
3609
4444
3931
3031
4872
1407
1729
1804
4890
3387
3037
2010
3734
3350
3906
1029
1509
4487
2394
4841
3521
2562
3189
607
3489
3632
3364
2837
882
2274
1935
910
2180
1866
2117
4500
4005
2103
3830
3825
3689
1119
563
4953
926
3789
4907
275
3952
519
2791
4328
4449
2455
3848
3499
1496
1242
2489
3784
1456
277
1066
762
1821
832
1427
905
2728
4769
1881
1985
841
4776
4023
311
1227
4762
2246
2192
2535
3526
3141
129
80
1957
2141
1714
2432
1254
4881
4146
284
3472
3163
3680
4371
4729
4661
1888
3545
2261
2368
2603
4813
2122
4795
1554
2529
1529
2949
1860
2335
553
2487
4446
2879
2960
3941
2267
2533
3835
507
2376
330
846
3
3862
1435
3527
205
781
3147
1814
4185
132
3626
1787
2325
134
2489
1683
305
2532
564
4218
2887
933
780
4112
2902
168
1898
4346
4343
4497
3401
1534
1838
275
1368
1158
2797
1123
3439
3681
2153
1991
2810
572
3953
1783
577
4763
2103
215
397
4394
4724
3430
1599
2159
2849
3101
730
4234
1519
2640
3776
881
842
1692
2213
1409
2019
4201
4930
2202
63
1335
2899
2718
3995
3467
4375
311
1971
4145
4552
3166
1359
1471
1526
3302
4345
2327
4167
931
394
3383
1713
2114
1087
2914
4592
2146
3333
1294
4778
2141
2281
476
3974
1990
4647
3959
3366
4947
1781
289
1844
2337
2839
38
4945
121
3712
2095
3095
4047
2437
212
4157
2040
3210
4725
4073
1559
3677
3438
392
873
889
1550
4232
3200
2088
1285
2555
4716
3200
4164
1637
4068
1233
1081
1021
4590
2225
2495
4190
1029
1898
4977
600
3269
242
1996
771
2455
1792
4081
1869
1900
4700
2012
2102
3617
4056
1900
3259
3834
455
3779
3900
4038
3211
1689
4972
147
4268
1734
185
800
2011
1696
2932
3080
3604
431
2323
2189
186
1777
380
2427
2567
1630
1679
4774
2918
147
3972
3475
2474
4323
1117
683
530
3595
2732
2365
543
1668
356
59
4355
3073
3716
151
4625
4599
1764
4731
3210
1899
3229
137
1913
582
3306
961
1051
3529
4809
4483
4765
2314
1201
2896
2482
4226
4842
557
4529
49
772
2212
2978
3444
3750
3239
4032
249
1175
3883
553
1217
1307
2550
807
1822
4637
196
4573
4058
3081
183
1015
1200
4299
2711
4901
3209
366
4356
951
1047
2093
1476
3864
1148
483
3450
1413
4092
100
4576
3833
3197
3959
4320
228
3282
2439
3045
3818
3265
1220
729
3315
3555
4901
3536
605
563
3054
4820
1041
655
1231
4783
1397
2026
2748
4145
1923
2182
2348
1416
26
1386
3055
3961
17
4061
3229
3681
2901
4692
3774
2366
3563
2421
4171
3862
441
3801
1152
2349
1726
3675
4840
1032
3100
3485
4316
4797
1305
3679
3907
2354
1931
1308
4575
3353
2013
2645
2447
4007
4341
4472
1680
2943
2464
3763
849
2488
4878
3908
3773
2817
634
1167
931
3104
3026
2318
2046
2582
721
2295
1391
4531
789
180
3435
4556
1761
1953
4663
862
2310
658
1347
4596
1760
316
2882
2517
241
2922
822
761
1326
2199
1265
1458
1507
2849
1847
1999
486
4347
4454
2040
625
2193
2717
4077
4655
1052
4324
4827
3187
661
3445
3593
4514
4766
3317
4378
657
298
980
4294
198
1384
3643
4190
2500
4338
3931
2663
1738
1227
4297
1714
2840
1684
2109
1964
916
3729
3194
2011
2316
463
1893
188
2325
825
1273
474
3704
3662
1586
1269
1295
2246
1139
1184
4069
949
901
2739
3962
4848
4037
1344
2836
1888
49
4783
4193
2633
805
3752
4046
4960
246
2400
2041
847
2334
2907
4775
1529
2321
2046
4471
4435
936
2559
2916
1727
1472
1663
1176
3705
509
403
4562
3428
4785
2368
4584
718
400
3210
1904
4677
1749
2385
4448
365
3978
3708
4328
3289
3332
1690
2853
4922
2174
1736
85
4586
3419
4872
3916
4618
3134
414
348
4101
2787
1005
2402
629
427
1702
3615
1034
2846
32
27
2413
1836
3132
1989
3484
3532
1065
2987
4
1055
800
2366
4402
459
1134
2559
3117
1172
237
1599
460
539
2540
909
1165
714
1772
4994
1329
4486
3988
609
598
2271
2265
4773
3189
3859
285
251
262
1279
601
806
60
3486
4427
3190
252
3308
4226
907
790
50
4536
2476
645
4924
2616
1226
1197
2479
4428
1879
505
1827
1467
1610
2064
1734
1015
3020
2413
153
2071
2323
4934
2849
2391
842
685
4866
2554
3959
1079
2640
848
3978
1674
2366
4351
805
3910
1713
410
4346
2551
878
1950
1186
4140
723
3816
3851
404
4293
2474
969
590
418
2942
860
1473
4019
657
4428
3354
309
307
357
3595
3534
1394
1298
4476
1667
539
4297
3816
1300
922
2378
4676
10
4989
2639
4581
2498
4117
192
2810
3451
3161
2802
4655
4029
2335
3649
688
2487
2955
1591
1774
4208
2871
2787
1512
971
2745
580
4380
2236
3448
3662
2140
3445
31
389
4826
4277
1709
4508
2821
2945
4274
1218
4274
669
2853
599
933
2406
4905
2236
2228
2919
3507
4474
1522
44
4402
2233
2729
13
3857
3219
3348
3009
1935
833
1349
3395
2384
1459
3498
3392
2356
324
1214
4752
4609
4565
3507
4032
3143
3057
120
496
3339
1008
1114
201
6
4545
34
4453
1443
105
2380
2074
584
3931
2392
3914
1552
4563
1000
127
3303
1567
386
4302
2723
425
1108
3062
3463
3162
4221
544
753
46
793
4723
4142
3880
3451
1912
3057
1399
2904
2581
1624
4934
3598
1240
3096
4938
240
2588
4488
4901
3922
1935
2336
476
1870
1491
106
2144
1135
963
865
1665
1181
1528
1515
4660
1391
1498
1584
2211
4996
1660
4734
2510
4521
1369
2441
2479
2171
2894
2451
1912
2520
3080
3069
1233
3806
3711
4708
3711
1565
3924
2329
485
1874
1508
3771
4344
3806
2877
2070
295
2752
3715
564
740
3847
3388
97
2867
2054
3002
1239
2532
3677
3285
2717
4546
4041
2368
267
1396
3902
466
15
2694
1561
1952
1833
1666
3538
62
759
4573
4351
2112
4909
2492
1937
2972
3291
3353
1291
192
1425
1257
1190
4689
2652
3424
692
3898
1724
2115
2465
2700
417
1913
529
4187
329
522
2948
2134
4372
1823
2201
1582
2641
1465
1756
4482
752
2457
1248
4886
2979
212
4632
3773
1023
1411
2619
1764
1563
2510
1858
2914
2036
1838
3767
1830
1718
1929
3861
4629
33
2624
1767
4104
3288
982
1105
210
810
1037
2066
2336
1354
620
2102
4093
462
3049
647
1069
2498
2328
2597
56
4028
1684
1232
2356
4190
1362
2465
4889
865
1211
3301
2644
1301
4585
1386
3131
3886
1186
3413
3602
4030
1936
4483
3785
1346
1112
171
1952
3055
2266
1796
4314
2839
3391
3339
1798
1264
2349
15
3808
2094
90
3798
2553
2234
2850
3042
3312
64
2548
1414
621
1408
3743
2860
4960
654
948
2215
256
120
1362
651
113
1713
4398
1628
2436
2948
1077
1183
1417
920
162
102
1267
4724
4879
4666
4342
4569
2875
140
2509
882
3360
4199
4699
2130
37
2476
1556
672
1218
4815
1339
2781
2382
34
3492
1726
4478
475
1027
403
2610
1161
684
4959
1647
2606
4352
2258
187
1744
2228
106
1026
862
2373
3656
543
1950
109
2530
1359
3530
964
2714
1241
269
3797
1173
2701
3843
456
284
1226
2603
2938
2175
4465
85
203
3523
214
443
211
2377
2287
4871
828
2514
4678
280
4941
4947
4673
2835
1950
3675
4073
1357
3219
4114
3568
3324
4007
3296
3874
341
3805
4208
3168
3195
1560
3710
1145
385
1195
4769
3305
3477
1500
3986
1874
4368
2030
4342
2377
50
3169
3848
3566
4115
2432
2601
89
2451
3227
1607
4904
712
3313
2484
2882
1049
1202
177
4955
2051
4376
4005
2305
2218
2434
1020
3901
3233
4179
3950
141
4743
1884
2288
2684
3394
4100
668
3962
1966
2252
860
4273
3944
2576
3106
2444
3323
3444
2689
1016
2676
3660
3809
2945
4025
585
239
1634
410
3319
4787
3565
4788
437
347
2217
1748
3507
3675
2478
341
3520
2816
1198
2895
2937
2505
4337
2730
790
4773
2152
4481
2777
1620
4112
4166
3509
3076
2793
3771
508
3021
579
3455
4127
4109
1154
79
2303
857
1185
27
2553
1365
2501
4411
2384
4365
43
1756
4372
1750
1927
4019
2565
885
2775
425
714
57
3719
4089
2385
1938
1247
472
3721
353
3026
4208
2335
4169
1752
2683
1226
3032
1564
669
205
182
2194
3409
322
96
4358
466
2836
1411
1755
2129
2123
858
856
4954
36
1497
2622
4723
4817
1035
1926
459
3294
3917
999
4048
4286
2314
2523
2467
4428
2348
193
669
3582
2062
469
3200
292
1649
1401
3363
3898
3697
4021
399
4076
4037
885
131
4107
4139
1919
1693
2341
675
2340
3234
4481
1454
3176
440
1708
533
3771
1574
1725
2865
1491
917
4791
1411
2311
3041
1522
1125
3714
354
1913
4394
4136
3693
1558
2064
4604
2610
3782
2900
703
697
2041
3378
4318
4272
2657
3978
2567
1646
2315
602
39
1912
1716
1235
4487
678
3180
2310
2471
3109
2426
2533
546
1528
4820
4343
3810
3140
2230
408
444
4128
3798
4417
4980
4906
286
4773
1031
4996
482
571
1395
1279
11
2867
1714
4438
3131
4846
1987
2828
3404
4660
2458
4521
2098
2930
4037
3714
4803
1553
2100
4992
2351
1185
2574
1102
2250
4587
295
4521
1620
4252
4680
2381
1787
78
2911
3185
3417
4620
3214
436
4512
3403
359
2946
4279
4257
2086
1840
3144
950
1300
4819
1672
298
4354
2349
765
3068
3782
1994
2873
3568
3420
1787
3947
550
263
1964
1458
470
3553
1399
1612
3051
1917
4679
3074
965
3376
3691
2874
1099
916
670
1193
3641
1640
3274
4992
1227
1958
4261
3437
2439
4774
4162
1980
3075
2425
867
2847
4721
3573
4618
4147
2396
2097
4513
2672
611
3044
1221
4457
3426
3456
1094
2669
3396
506
3812
1161
4798
4447
4300
2427
323
2904
4988
1937
3082
4079
2695
3395
1718
1527
3925
2563
2004
2530
187
461
1980
4388
3329
460
2781
3199
2865
4686
2206
2977
4174
607
3254
1873
2430
4324
1804
1684
3299
2435
1075
2836
181
1317
3539
1286
2908
1745
318
1124
3966
1739
71
190
3135
2621
4584
1323
3012
484
4175
87
3158
208
4116
3501
3584
2653
973
586
1778
3164
3655
235
3084
3764
352
4713
1332
2889
2823
4898
4806
2775
532
3629
1551
3401
3986
1154
4256
467
4699
4224
120
601
2342
3168
1550
4794
3036
4578
227
1659
2447
787
2641
1763
3704
3717
1728
173
2537
4133
2122
3105
370
1192
4169
168
2046
3788
4558
3339
2084
608
4358
4227
3630
1509
1380
1447
4284
4448
2266
4895
752
1391
931
3406
2153
177
3472
134
689
2056
1598
1808
3043
3001
1532
583
2752
1099
759
562
3827
79
2306
3777
334
972
1458
322
550
3611
1147
977
2902
2738
1137
4786
23
3536
1599
1477
139
4744
1854
4784
2472
1487
2546
2722
134
191
2889
4844
2934
3055
4377
699
2868
3356
164
4513
1621
1075
1885
1759
1680
1305
2566
4283
3497
2632
2719
1420
1107
2319
235
2354
1711
936
4368
1564
1183
4196
4448
2969
2516
1366
115
1671
973
2999
2348
1455
3529
3865
1109
2723
2708
1493
2091
3459
3299
80
2615
2020
1517
654
4336
4513
3179
3125
4860
1992
956
973
2837
1083
405
3732
2335
1645
3044
1440
3994
387
4665
991
2176
3050
442
2670
733
766
1931
3369
1079
4359
1830
330
212
2686
4791
4200
2551
3383
304
4517
942
549
76
1875
3264
2805
679
2738
2602
939
3766
1199
1026
956
981
3213
1625
1692
809
2018
2590
1877
2250
1006
3389
1255
1199
2825
2375
4063
1511
1945
4436
1952
2934
498
3066
4637
895
1829
194
58
98
3134
1718
2709
3526
851
2014
2407
4978
3489
3379
4299
1117
2488
4135
3001
2029
4610
300
3694
291
304
2149
1242
981
711
1437
1982
3627
11
583
2879
1250
1503
3824
265
2614
2426
4184
1085
4578
4163
3742
2031
1744
223
3698
3827
2111
3404
828
1989
1289
2873
4582
2820
145
3448
2146
121
2951
163
4043
1645
2183
3202
470
1807
2551
1228
4270
2119
3423
3430
2385
4387
2897
3963
2936
1499
3753
1534
4448
407
2017
532
4588
1888
2388
2751
4241
733
4637
2081
4247
4642
2853
4476
4848
1535
2137
2719
2755
1181
1689
4384
2464
1008
1964
2575
3216
4813
1965
708
2951
3769
2766
4269
4704
1062
2373
161
4196
618
2615
3897
2045
1485
139
4080
1270
3142
1574
3596
2789
4689
531
129
3065
151
1097
671
4374
1856
2032
121
2696
3810
4257
1304
3373
4308
2744
2131
3894
1803
3917
4331
456
66
1831
1383
3566
4828
133
634
1844
429
2696
3929
2580
4195
1595
1534
1649
2093
110
4520
4117
1357
324
4798
2886
23
4050
472
674
3477
4568
1313
1309
1861
1172
3810
3344
830
4749
3938
4469
3346
3706
920
1309
512
3896
3876
763
3177
201
410
1393
1521
3972
373
1621
3014
579
1687
2945
4882
4203
3113
3250
4808
787
150
325
3287
3548
4174
3880
3650
772
3174
3096
4527
2851
902
3575
4304
2617
3019
1721
54
612
389
1842
872
3203
3226
4965
1038
972
2109
3909
4797
3336
3554
3416
3001
4089
4388
2865
4928
2475
2034
1210
3467
1444
1031
2515
3781
424
564
4437
1167
2239
1632
1475
1206
4743
3705
1270
680
4367
2205
9
263
276
1106
4887
135
2635
4462
4471
3291
3984
3650
3634
3949
2239
3967
1828
4815
1424
1936
3740
3812
2123
3874
996
1034
799
1780
2996
1708
1655
973
1985
697
2823
4872
4904
1639
4110
482
378
2628
3226
1641
4916
4008
4668
2564
2848
2314
2483
1071
3057
1424
2418
2897
364
2114
666
1712
2739
4267
4256
2561
813
2771
1777
3331
3427
2977
3145
2580
3887
4030
2488
4903
4576
85
2972
2245
4161
2623
1362
1569
1057
