3187 2480 610
3491
1226
3887
3687
2068
3164
4547
2743
4177
3684
475
3950
504
3368
2489
3270
4108
315
388
1223
3571
1628
680
3433
3079
730
4603
4770
1816
4518
3141
3501
2865
4621
270
2998
2790
3125
2173
3920
2427
611
522
1527
3481
1497
1033
1531
3801
1401
1155
4646
1494
3717
4874
2744
2495
2833
4131
2094
317
3918
138
1020
1367
1201
1101
4299
3859
691
2985
1942
834
3575
511
4129
3153
252
4858
2721
882
3288
2422
1048
3016
3422
3372
752
1821
461
4962
4
206
46
2756
662
4273
2051
738
3261
3996
4624
541
785
1347
1172
603
974
1143
1839
4383
1324
4812
4973
4144
4926
1449
3207
1042
3500
3963
4980
3253
2069
3137
3350
3923
1290
4282
2166
1695
1187
322
130
74
1042
3452
877
517
1832
203
4424
2274
3497
212
356
2106
1213
1347
888
365
2800
2813
3795
4265
51
2882
1098
2257
3843
4107
59
2441
1279
1324
772
4545
3651
3576
3607
2206
2302
3644
1700
2215
1260
3788
2995
1790
1810
149
1775
4282
836
1556
2361
4704
1273
4043
1571
3426
3941
3492
2470
3081
1815
483
4964
2493
4379
1408
4178
911
2907
2345
3939
2309
2516
3099
3810
2462
4174
1731
4750
3524
88
4771
4459
4922
3092
706
3384
4786
4641
2328
2172
4961
1480
3851
4273
558
4987
1489
4238
3179
1203
491
3820
2538
1381
1282
3295
1415
2607
4254
1423
3551
4334
1757
2762
3123
4577
4158
2911
4160
2434
775
1090
2587
1047
2370
1486
1941
1057
3274
1257
3662
3810
2369
164
2172
1531
4348
2511
1354
2167
2550
4878
2886
340
1440
2470
4614
1010
2549
1300
2699
73
3380
4703
103
4951
1119
1064
1863
3648
2413
2908
3927
2337
2844
3743
4575
984
2540
1147
892
1222
4415
1698
3122
3431
2444
3509
3135
471
3880
4236
2504
2667
1919
4942
2484
4335
2351
2425
3019
966
3399
80
2684
4428
61
2238
3216
482
1655
1396
1823
2228
892
2151
2651
4108
2733
53
2647
288
712
3683
3183
2242
3875
3186
4108
1285
4791
1734
667
2666
2049
23
4066
551
688
2987
4277
4447
395
2922
2450
2346
1954
2153
4367
1961
3152
4190
243
3777
1943
4332
2731
1550
2370
2094
2456
3954
234
2575
2701
468
3049
816
756
2923
3582
535
1553
4043
3727
4601
2922
1218
1592
292
2670
104
2286
924
150
779
3953
4784
2810
4265
4216
1713
1583
858
180
4173
190
1429
1509
4309
931
2832
739
3045
4400
1232
646
1904
264
561
809
317
3123
4601
1824
2780
2786
3089
693
4264
2689
4737
550
764
2381
161
2138
1996
2992
1690
1541
2749
1985
2421
1684
4245
3268
553
2772
1141
439
3950
2959
638
2640
4647
681
1921
2704
3296
4934
3788
2689
272
2374
3309
4834
1619
4553
2580
157
1506
1185
1242
1866
2132
2206
2094
3427
4183
4292
3963
2606
347
3433
196
1425
1505
2924
881
3098
4840
2861
3016
675
2543
1965
405
820
4055
842
2017
3021
3939
4790
2536
531
2239
1828
207
4037
4502
2466
1539
541
4330
3130
4147
3746
1077
4068
2983
1157
1755
4954
138
848
2973
729
2458
2116
2922
2532
1989
2576
1323
3422
4108
3262
1756
2636
2673
1287
458
4578
314
4324
4288
4032
2899
1535
1901
3640
2456
2691
3811
894
1004
1016
531
3772
2559
4545
3965
4625
1402
4968
2392
1893
3455
3278
3522
4562
4129
383
499
2512
4043
2836
3804
3388
1828
4800
3007
2698
4727
2740
1617
432
3791
3414
4672
330
3079
1971
3056
1544
2033
1371
1584
4706
4822
2081
2488
3722
2094
2860
2830
1347
2526
1646
2469
3463
1395
2075
803
2955
1269
3623
2641
3370
60
4973
655
4865
2794
592
3355
4682
2871
3036
2087
2793
3186
2938
2571
999
3119
2127
4854
156
844
1360
3545
1393
1748
2399
1493
4652
4489
3021
2420
3626
3194
166
1848
4034
4452
998
3930
3184
4124
4693
1951
2587
2075
1409
4559
2718
1133
3875
1289
4510
3610
2052
198
913
3289
1847
745
1077
952
3351
4687
2338
2357
1871
1107
162
593
2274
1321
3199
4200
1703
3959
3964
54
2598
819
3009
2634
4695
393
2358
2792
582
1506
3039
4053
981
981
4969
206
2568
1566
4557
170
2340
2563
3047
2649
2700
1271
2163
991
4853
260
2195
4685
2269
1733
2094
4369
3043
4133
3934
3799
4252
2294
2462
1422
4642
867
2267
4271
1780
4751
3021
2934
2110
4941
284
2376
3880
948
503
2793
2837
2960
2539
1979
4942
3648
2958
3706
4237
403
904
4263
3765
2371
1268
852
1423
4610
2223
4192
285
2699
1399
4652
2847
1222
3867
3868
2966
3389
3733
3658
1723
2864
1388
1148
3849
2220
4385
4047
76
1992
4777
2184
4678
2061
4037
2402
3154
418
1162
2355
707
190
4272
570
3952
2279
791
1316
2973
3602
1086
3869
393
2634
4947
3279
2011
1214
4606
4005
3546
4769
3530
4691
4725
869
2425
58
4156
3470
698
2694
682
3357
1512
4651
364
2637
1835
3697
3758
1153
3796
2366
4900
2031
4303
1076
3898
1337
2669
1868
2634
1214
1511
2842
3174
1011
3997
1617
494
1637
3693
2542
4872
2691
3862
1972
4210
3130
2077
3573
3592
3924
1637
4573
3295
3938
3575
722
3738
1226
3978
2706
1318
1261
2652
73
1156
3589
4495
4534
2813
4450
2217
1126
2600
534
3171
1348
3155
328
1696
4537
3136
2578
3959
139
1835
4515
1334
3916
232
2284
1678
3522
3615
3531
733
4760
3308
3419
2594
4270
583
1096
174
296
1550
4446
4674
3304
3261
1962
2099
1296
886
1346
4367
366
1157
2296
4914
850
363
239
3303
2931
1460
1247
3543
4538
3681
1388
1725
2606
2238
4093
1971
2008
837
4586
999
2815
1709
3155
3777
2628
3395
1016
1849
4877
1913
4921
1389
4341
1203
611
4396
758
3770
20
2518
1485
1339
4964
2443
34
361
4729
3662
3896
3483
291
1094
4264
4466
3343
3102
4062
2618
4277
3068
4168
1371
2711
1707
3816
1408
78
783
792
3289
4885
4633
2415
1941
3076
2569
4765
70
1753
3285
2371
2472
1177
4252
559
2511
4940
4317
4036
1809
349
353
4998
3835
1852
4252
2009
2321
3266
3009
3072
3914
2064
1175
729
685
2834
4914
2075
3033
3643
3187
1752
3611
4993
4311
1418
3792
3413
2248
1755
2804
3372
1363
80
1765
122
377
1913
24
528
1277
4436
549
2660
4386
2609
1397
2796
3145
4331
651
1529
4198
2576
3856
4094
101
2788
798
4610
2891
159
4081
3017
3502
3172
3384
3098
841
2192
644
3740
4522
4180
1611
764
1923
3053
4432
2531
4206
4398
1589
1936
1738
2093
4540
3470
4566
4858
3079
1459
3213
2804
3044
357
2123
4766
2886
461
823
461
3371
3140
185
2849
2045
2743
2152
4839
4052
497
580
4441
4185
4507
331
3237
778
665
2815
862
4231
1505
2913
4719
986
345
182
4839
1392
4282
870
4686
874
4060
4558
851
3956
4903
2710
252
2191
260
1476
731
370
2675
1156
4477
2835
3102
1202
1185
3689
4145
1283
3101
577
3891
4607
2727
540
3325
1832
1113
1607
3673
971
1824
2025
3553
2701
3382
3650
4331
4782
2772
4244
4227
2550
2084
1662
2213
2183
4698
4613
3645
2240
2219
4428
79
2977
388
206
1386
4173
2345
4894
628
2555
2965
2192
2133
2263
1456
4309
4482
4207
3048
491
4506
4312
823
205
3668
2460
668
3254
327
2239
1114
2602
2690
4012
1969
318
39
2101
3067
1436
4757
3681
65
268
816
263
674
2777
4191
170
293
906
2692
3094
3180
1673
4538
3539
60
2870
4880
3900
4593
884
3719
2276
3656
2796
2807
159
47
2093
196
39
4883
3187
4831
343
2828
2346
927
1353
1655
4507
2675
1472
2552
626
1855
1720
1584
325
3536
2686
4989
3755
2609
2308
4603
2478
4463
3881
4156
4464
47
2988
705
1727
3447
4283
3336
4766
18
3102
34
495
2835
4276
3461
3727
1949
4908
1109
2082
4647
3794
2065
2980
4040
2750
4050
3042
3088
1932
110
2771
2155
1157
3574
4237
647
415
844
4025
4436
4536
2057
2019
1196
4797
498
4153
93
243
4469
465
4473
2670
1253
3070
952
3982
439
4666
2538
4199
1632
4504
4879
1928
1491
2127
4994
958
1862
1330
1116
2350
3667
618
3669
635
3310
415
1366
377
1031
3812
3893
1935
389
1583
3767
2064
3438
2642
1772
791
2238
2021
1904
630
959
4152
2287
4627
2693
4276
3923
4134
1120
655
4110
3323
3585
1749
876
2846
3653
1329
4452
2493
366
1500
4970
3067
1956
2171
1292
4712
1921
2447
3254
4090
466
2723
2796
2894
2586
848
4920
2738
4621
354
1
1772
4719
3162
3749
2119
814
4657
1648
1895
198
4476
4846
3020
80
2448
4234
4892
951
56
2668
4253
813
3062
965
764
3505
875
1084
4150
1148
1950
2716
4374
3580
612
4485
3074
4706
2609
2567
2564
1164
3275
1266
2232
3696
2022
1335
4704
3285
736
1924
4956
2966
3445
4546
2198
4780
2723
3817
1511
3729
4842
3775
1409
3806
4208
1920
1294
2183
1632
3032
3495
3247
614
674
813
2934
3726
4747
2994
2018
368
4383
4603
3521
166
2364
1073
3529
1791
3496
1872
4329
990
3818
78
1635
2545
3986
3324
2922
194
1289
2544
3605
2904
4747
1958
10
1670
4708
1405
3316
591
4586
649
551
2615
408
3190
4854
1024
250
4973
1428
2072
3570
4919
3560
108
4188
325
2277
1847
1000
1442
3503
560
2259
3037
1370
3471
266
4975
2605
4160
2003
4412
3226
3369
4951
1645
2163
1565
2287
3761
4231
155
1732
1571
1889
1657
2612
1587
3183
4177
1299
2964
3369
449
4128
1888
639
833
4067
2438
2130
169
1612
4063
2877
843
1531
4016
2124
2559
3378
572
2693
1964
1598
1412
3490
2953
4431
19
4144
565
2848
2233
3020
394
1268
3888
3912
1469
2353
3094
2197
1203
4347
686
3023
1737
4722
522
4645
518
987
783
2006
3498
3990
4643
3782
2742
1589
1898
4289
456
1809
4419
1964
1520
4988
3113
2316
62
4635
1275
436
4588
2486
4397
1500
4572
3220
549
1849
4078
4243
4590
106
2729
2828
1829
2046
3009
1344
787
124
4022
2810
3835
2727
2322
1993
1440
374
2415
3605
1302
1198
3294
3161
4836
4986
3488
1586
3705
3486
1208
3692
3405
1322
4124
2516
1073
1113
3732
4667
4391
2452
2421
834
1641
4519
1842
3264
4123
2329
539
677
2200
2233
4827
1102
1094
4891
2457
3226
2396
3513
3136
4808
4180
2598
3421
3295
1431
311
2399
4228
3995
111
4264
4755
2699
779
363
272
3160
138
4067
1388
3453
2433
46
1938
208
2285
13
2096
1327
3394
1071
4248
1650
4140
102
2408
3088
48
4886
3664
3248
1819
2138
132
4557
2
1505
560
3656
4846
4576
3723
2861
3093
545
3818
4893
527
2365
1441
3150
979
4891
4707
1690
615
4287
1326
773
2279
2825
1285
3945
3005
2954
4966
533
1058
1067
3386
693
732
2632
4907
3996
1715
3835
4329
412
4229
3451
1035
547
4839
1565
4353
4807
4224
2985
2366
3923
4336
1498
4050
2620
330
2953
362
820
4752
1339
2925
2034
459
3861
4067
4666
3538
3871
1515
518
3451
4124
42
2291
2129
1619
1608
3710
1098
58
4193
2835
505
10
534
2552
3991
3837
2926
3733
4341
3186
984
1433
1801
1502
2859
3091
1907
4816
4329
4898
1187
2631
3464
1064
3177
3065
3670
4387
1441
3977
3492
3829
3524
2118
4565
548
87
1049
1465
316
662
687
4823
3946
1696
4978
1827
1211
4768
2523
3908
2282
4903
2135
1021
2114
4180
1137
4482
4686
2214
3165
2340
4667
1812
1640
4739
1764
1642
1713
97
4561
2528
1553
3789
2163
969
1950
4545
1414
2482
2296
2642
2967
2263
4516
2022
2259
793
4871
4063
2642
750
179
1968
3665
1023
1899
4579
1774
3372
2626
3751
2536
3536
4449
4634
4581
573
869
3241
88
566
2871
4017
2872
1842
3362
593
3284
4136
2495
2085
3742
2404
4783
2443
1781
4913
2807
2185
3733
4204
1591
3698
929
713
719
2121
682
3971
1054
1497
4004
4670
1651
4089
2582
3588
627
1931
705
4170
2526
1792
3368
3227
1817
3662
3599
4592
3234
2366
4449
1059
1379
2611
1021
3677
3351
147
2363
350
2186
1878
3498
612
755
1916
403
3470
4181
2504
632
1599
4162
4899
1287
1000
1975
1826
4364
3147
823
3574
1625
128
3325
864
1739
156
3351
1967
1511
3847
4922
4906
2939
2031
3558
825
2295
548
2024
4050
3313
2149
2218
2782
2491
1958
1729
1159
4772
2508
2807
2206
3446
2512
3272
4936
2468
323
2423
898
2437
4661
39
4705
2068
1781
3979
89
1944
4298
4938
3431
3128
4154
3116
4838
4571
662
4234
3101
1448
3212
985
4576
1341
3301
635
4602
3285
3997
1637
2515
4703
3501
700
895
2812
4417
1785
3607
921
4094
1996
1371
1889
3226
3670
837
4037
1618
3784
413
3781
1272
1917
3152
2714
2567
2169
2029
601
3250
3240
4587
1621
530
2132
2786
1996
1958
3269
430
2709
2127
1491
678
605
520
1522
3653
3014
1181
4767
4791
287
4051
950
3123
2651
1719
1801
1093
2889
3204
1809
4009
1551
4363
1889
4435
1908
3274
2089
1832
2336
519
2887
4251
2824
38
347
2057
1812
66
2142
3286
4950
4987
883
391
584
3362
1200
4817
3446
1068
2313
4518
3665
4358
3706
4126
2798
2350
2659
4698
2352
4890
4635
1253
1419
749
1372
499
4767
4043
4448
1291
2818
1288
3558
4935
383
470
4096
2912
516
3168
2688
2211
977
658
4671
1253
2064
4972
3449
1361
250
3955
2244
2263
1928
1994
3969
4308
3396
2599
4901
1990
2899
502
767
2140
1865
1405
3016
4535
3781
4986
159
2694
589
2040
214
3279
4498
2756
1287
1185
13
4901
1900
421
1251
4598
4028
30
3247
3358
4828
4076
1859
4511
159
2572
2477
4879
4441
4110
33
583
2834
2948
862
4729
2563
3608
753
3225
1145
3296
4733
557
3348
3223
4577
3323
2300
3845
3257
188
4087
4391
3865
1884
3665
3232
2532
3067
1870
1274
4553
863
3723
2092
4751
1106
1024
1660
706
304
2276
447
3739
2855
2121
1189
1288
1077
2826
4660
2494
3232
3044
237
940
1937
742
4223
1370
1710
4874
2166
484
762
3663
1242
1064
3418
1735
1273
999
691
629
2979
4111
1580
4746
1579
4832
3911
2254
4834
803
4076
3043
3846
3121
1322
4176
63
1946
3309
3211
4738
3453
3182
588
1009
2143
4303
4003
2083
4667
604
379
1095
218
3073
2082
3088
4807
4330
3043
2716
1906
2718
4214
161
3680
3543
2343
2431
2834
2807
4135
228
3914
4543
1263
3904
1986
2541
4211
2829
2005
2057
1816
575
1899
2558
978
18
4786
1245
276
789
4694
4060
221
1586
4348
3909
4066
1528
1976
1484
115
2497
4408
1561
67
3480
4214
1203
614
2488
4754
2483
4393
867
736
1135
1962
4353
1276
1085
750
292
2544
4483
2251
2931
3700
4480
4881
2525
1609
3779
1960
4293
2116
2767
172
688
3646
1009
457
4712
2441
2372
2054
2102
982
3600
2245
4303
4903
1343
4054
2044
1325
2719
3898
2365
4051
4246
4241
132
3295
1701
597
4266
2294
784
921
1204
314
199
619
1881
888
1272
2052
884
1699
1998
4730
4433
2835
3863
1238
4298
1948
3956
1415
1373
4010
2010
3727
4897
1725
225
2318
1083
589
2378
1588
1155
88
4150
565
4897
1162
567
518
3694
4359
1238
1040
4457
349
3644
1973
4434
632
4997
982
2806
4179
4994
3043
1788
400
2297
2770
1356
423
526
1813
3291
2173
1424
3783
891
3900
4765
1372
1844
4998
4993
1922
4954
1428
3647
1248
1673
4055
662
101
3955
3180
30
3068
3827
198
3491
3743
2796
1415
4980
3325
2622
1193
1774
942
2021
204
1168
1410
1474
3185
2205
4183
556
807
3379
1773
358
3240
2276
2845
3676
3445
2995
984
4698
3655
3039
1077
3895
272
2802
1333
2086
559
4869
4882
4101
2327
2454
2971
3795
700
1317
4608
4224
2817
311
2898
3343
1917
928
1550
4016
2694
2983
374
1612
638
3226
1048
25
3668
2546
228
1101
2238
472
2161
3310
178
1316
3877
51
4957
3637
3460
4947
1019
1531
1107
2486
4780
1182
4957
4684
661
4681
4389
71
3835
2425
1042
1478
3885
4728
1497
2605
1531
2041
829
2044
4592
3212
4678
2662
1557
2341
2329
484
3334
3302
3084
2314
1791
2453
3844
2715
4145
1774
2967
1567
303
2961
1065
3852
2726
2252
3418
2324
1234
3626
3870
3925
2289
3163
2833
1598
4446
1915
3341
2012
2465
3973
2424
101
1369
3376
378
3659
738
25
1801
1821
70
2937
2182
2967
4447
4479
4049
1474
1170
2626
3197
2782
2765
4868
129
3179
1008
471
3942
2071
2630
27
1419
4482
792
4645
3714
1432
2317
3868
4918
890
4284
2102
427
3604
2671
3559
523
2018
4835
2579
4996
1149
4294
1796
46
4065
2720
1380
3029
2703
2581
103
1003
914
1253
2250
3529
3169
3498
1137
1958
3077
833
1638
4194
3854
4107
1714
960
2905
2006
4507
1657
2907
4241
3725
4890
3478
98
165
4916
2113
4979
1009
2144
2266
4934
3035
2268
762
2955
1971
2453
3666
3035
2334
1670
2153
4766
1765
2747
421
3313
376
2299
2414
3420
1189
1639
2334
4874
950
506
2444
4897
1993
4243
1990
3661
4094
3891
2240
86
318
1666
1283
4048
3030
2098
4291
559
2812
3819
3088
1326
117
259
752
1955
2661
108
2760
3754
1860
2292
1455
600
1265
1393
4239
2164
1603
3231
3885
3993
3288
1758
1597
2311
4700
4807
1593
2929
796
4375
2470
1097
4389
3410
2410
2400
2487
1913
2804
435
3539
4262
1582
3588
4956
4075
2089
1621
1659
1385
4699
3000
249
4780
1846
1535
1731
4932
3956
1708
4652
1212
2417
4522
2950
2348
2739
3309
2283
321
4675
2194
26
3407
3487
1567
3278
269
4978
219
1253
2980
995
412
3254
1037
4015
1533
3590
82
4752
2018
1334
3978
4303
584
2751
3305
4942
3128
991
3880
4633
1431
3416
302
557
4031
2750
4121
2408
3456
2806
3808
4806
2990
3760
4239
462
396
3537
3044
304
556
4901
1524
4253
876
224
2440
2569
4762
2294
2517
3287
1002
2202
4518
1434
2623
2706
763
344
4282
911
1969
4705
55
3321
2974
3630
2567
2998
625
1732
1515
291
416
854
2827
14
4896
1469
3071
1194
2124
2540
4158
1654
1906
2433
2352
380
1400
