4871 989 2927
73
2174
3671
4987
268
4652
2250
2777
932
583
735
3816
2901
2439
2750
3456
3978
1152
4467
662
1776
1862
1575
3137
58
4585
3100
430
1932
1035
1274
2458
2192
961
407
1118
1823
4367
4277
2867
3418
1635
3417
1581
832
482
4023
2203
3011
1058
2592
1162
2606
3711
849
860
1637
4434
4925
2748
519
4306
4319
3566
2511
2366
4885
531
2326
743
2466
1021
4726
4560
1958
2655
4844
1270
1487
2339
2715
3067
3098
3550
1983
4241
3575
1468
463
112
35
4775
3742
1374
4017
3706
3340
3838
1135
2058
3469
4836
4644
4631
2305
1405
3906
1201
4352
2966
2488
4982
3620
3258
3544
286
3142
1273
4645
1276
1185
411
1772
1825
3962
2506
2133
2616
251
1488
4755
4461
1935
950
4347
3664
4899
3572
4364
4680
4198
2006
2787
4245
979
587
1489
1674
1585
4827
2678
2963
4024
2692
4385
3665
4168
1674
3134
3450
3037
2320
1193
3156
4503
4806
1362
4224
3930
4007
3568
4938
3868
4049
2975
688
1695
86
2556
1618
2664
454
4533
3337
3450
1828
4035
2486
2122
4589
3542
1508
754
160
2555
1042
4690
700
4757
2010
4042
3989
4015
1585
4092
1217
1738
3045
200
4348
1668
3667
1805
1577
2494
400
1725
3318
547
795
4966
4429
3760
2038
3586
4757
1959
1567
1022
1973
3085
765
967
3936
2528
437
2883
4626
2554
3880
3798
1658
500
1734
909
3447
1977
2747
1109
1780
2620
440
2952
1314
4823
1474
4448
3806
775
2084
3443
4344
2128
4681
2644
2304
2432
1807
3170
586
754
4223
173
1420
836
1102
2482
4118
2309
4365
4433
1252
2110
939
3615
3800
2277
1580
2949
3740
3335
810
2989
918
901
4128
516
3571
1643
1579
324
4675
4029
205
695
490
3213
2969
3782
4488
2115
1447
634
1246
762
1576
4329
865
1835
4423
3658
1768
2302
198
898
2373
2743
3490
3588
3452
4455
1661
219
4896
3194
3020
2791
3930
2772
1560
336
2705
3022
2502
222
3949
3170
1239
3181
1074
462
2797
2725
2172
3223
2680
4176
1144
3620
2222
1195
3183
3814
156
3085
1211
3187
1153
396
2300
1367
2154
3648
2727
2837
2420
3179
1448
2541
2325
2417
3923
3740
1815
1815
4899
3761
4720
4010
1909
809
3053
4730
4722
2294
1747
2949
852
1760
4488
3407
3138
2809
2968
4235
2073
1036
4343
2695
4902
3634
4647
94
4109
3948
4930
966
4570
4721
2993
1719
2006
3565
2021
4203
3489
2373
2325
127
4509
3978
2179
3076
1100
4198
2509
1217
1805
919
190
3980
2168
2227
3757
528
2119
2574
171
3580
397
2717
1027
3599
3712
3889
251
4016
1812
1107
478
2226
3016
1583
934
3665
814
2699
2075
548
2285
4493
1979
1484
4974
4036
2908
1432
2588
407
1431
4111
4307
2187
1254
3369
1205
108
2217
3804
105
1040
2250
2380
2744
2133
3646
1166
3325
3850
2425
4903
2286
3064
504
3009
1843
3341
735
957
4866
1668
3410
4586
505
3791
4360
3447
1659
2962
4917
2737
1318
440
3154
966
1917
1405
2349
1675
4203
4465
2477
1589
3788
4624
4470
2633
184
462
2677
1739
3701
214
4693
4387
2551
4057
999
4645
4776
1936
3203
4684
4694
3909
3080
1147
232
3127
4115
4769
870
1257
1912
1084
310
4050
548
2040
4203
1366
3538
4191
4317
873
2386
1681
4928
165
15
274
1409
1598
3806
2357
884
207
87
2810
2654
2430
3645
798
2002
1107
3426
2594
3821
2913
1504
306
158
287
1745
2868
3704
2586
1858
3349
3036
3173
1936
2544
1806
2657
4072
4601
2144
3435
2380
40
1475
3182
323
2291
3720
3555
4425
53
4162
952
3026
1647
49
4191
2056
467
1226
3178
68
213
634
1964
3536
3618
2291
785
3428
983
139
3826
2050
1497
3575
4252
4725
944
2607
2389
2937
4430
538
1412
2339
837
4224
1703
263
3277
1116
2537
1139
2163
4377
3887
2230
2784
3748
1685
3574
2868
2219
162
4404
1535
2282
4701
26
988
4683
61
4513
4383
2834
914
1300
1695
4073
587
2569
4742
1226
2
3418
2357
4363
3100
474
1202
2770
3791
3726
342
3247
2628
965
3687
4287
1759
4829
1687
4208
3829
507
2521
1106
2244
1202
1964
2070
3928
728
2917
3809
1360
2605
3875
3496
984
3187
4361
3614
282
4462
839
490
3446
2306
465
4418
1837
1231
3309
4780
1215
3482
1406
1906
1742
4357
1279
1359
235
4952
2788
4195
4119
3244
2043
3698
4967
1805
2452
1935
1299
599
455
2340
26
4065
4694
2497
4710
2560
2270
4473
1403
1912
2299
4124
506
55
2557
432
4048
683
4904
3878
1235
1127
194
2443
2521
3773
4713
2716
3409
3357
3797
4132
3319
3977
2864
1666
3093
3624
3500
2364
1401
1889
3966
104
532
4665
358
3134
2743
4045
2210
318
749
4987
1340
52
3071
3589
1580
3261
4801
3282
1420
3165
3854
4649
571
4462
950
2883
2658
2104
2724
4188
2973
183
2915
2915
3443
1311
4639
4320
1315
3226
3209
2236
934
3693
3761
2140
4578
2557
3909
2423
897
759
4278
3023
2809
2033
1709
3107
693
3700
1598
2648
3755
1743
1516
2051
4069
884
290
4867
3047
4631
2614
1804
2334
1890
4979
4688
2931
4139
1586
1190
87
2659
2155
1309
66
3658
2130
3975
3199
1037
2625
1938
2694
37
3192
4362
1991
4100
49
1569
3234
80
1036
2963
2533
3849
4850
2191
3340
4519
2529
4318
355
3679
2801
2418
4425
3528
1724
3309
292
2802
2981
1463
1729
3327
925
3093
1340
28
4230
4675
1900
4873
1008
2730
3198
4357
1288
3295
3778
2878
3937
1197
3318
1347
1957
1000
3607
3274
4875
1801
1714
3332
652
4817
1073
1978
2335
882
4179
1092
4244
1222
4683
4485
3659
557
1711
892
1350
541
1945
3174
3117
1961
574
563
3952
2547
4310
740
525
1891
4497
649
2232
3347
2699
3796
3530
1321
31
4984
3266
3594
2414
3726
1452
3165
319
4638
4103
4074
4438
4727
1135
4026
4056
4706
44
2845
351
3194
528
3328
3392
4504
2971
3470
1880
4044
2409
2023
2122
1956
691
4532
3992
1817
537
1085
3689
290
2890
199
829
3970
14
827
2654
3221
2253
3930
480
3339
4713
38
1691
4273
2010
341
4867
2624
1932
921
3678
2004
960
2004
3105
1700
1180
2090
2795
3120
4769
4441
939
833
3139
4819
1622
1027
1649
519
110
353
3966
2057
353
2006
3545
4634
2592
949
3539
4108
1687
1434
3539
1291
3110
2481
4195
4452
405
811
4969
4658
1338
2578
889
3413
1123
4670
1533
272
3229
865
418
566
4533
3217
1650
366
3732
2333
2872
162
3087
2963
4010
4979
1953
1835
2346
2049
2972
2213
90
915
1605
3911
296
2600
3345
4630
4604
3157
565
2639
2641
425
1107
2059
1132
25
2446
100
2082
1480
3057
4985
4806
1604
1856
3163
1970
572
377
3882
3268
2396
1754
1038
2999
2953
3211
2692
2011
793
4875
3950
4549
1722
3215
1575
3610
2416
550
1519
3194
4991
2945
2762
960
804
4536
2771
778
1244
1433
69
1359
3685
3641
4557
3564
507
118
4629
1036
959
4678
2986
2463
4365
313
4815
1874
3507
530
4533
1195
148
4742
2539
2234
1452
1280
1204
3534
588
2608
105
3368
1102
3989
3369
4447
3818
500
2207
2231
2066
1596
4943
1554
695
2640
3909
4696
4760
2139
4528
3787
2090
1128
4117
2073
607
2764
1998
2407
4697
672
4393
4793
1830
1169
1464
449
3608
2634
1108
4003
3397
2559
190
4489
830
1988
4583
2945
2038
4442
3695
2362
305
256
297
1646
594
2503
3535
3704
2124
415
666
246
1545
904
3071
2354
70
3292
2601
2285
2702
4114
233
3976
2535
4804
3226
2340
616
4903
656
1282
860
4522
56
4648
2452
4070
1052
4389
117
421
1437
1505
2335
703
2267
651
1931
864
2240
766
2112
4733
880
823
895
3289
4188
1449
1014
2103
2991
1341
3154
2031
863
1664
1314
3085
3723
188
3019
1114
494
2572
1638
1060
3728
4204
1022
2857
1057
4506
1152
87
883
3930
3046
2760
4134
1652
3551
249
4969
3694
319
3757
1362
3158
387
119
89
3249
178
4519
3241
1934
1128
4945
434
438
4528
1780
4708
4699
74
866
3758
3780
4718
1529
1145
2337
4220
1677
3547
4052
1000
2075
3204
2094
363
4721
3694
916
1405
3889
4366
917
3396
2403
691
4956
3986
4360
4009
2801
2895
66
4085
4992
1013
4736
3790
2784
3438
3638
928
4200
2071
3375
1058
2642
4339
673
4145
3511
855
3609
427
1145
2882
2658
989
2303
506
844
2614
1897
4130
3671
4728
1443
960
4614
529
3198
2944
4620
3885
1977
1871
930
536
1141
4676
1961
4744
3360
3528
1806
1915
3916
3191
2722
1732
697
327
2550
3238
3220
1352
3760
1255
3222
4717
188
2246
2275
1334
1681
2057
2745
2387
1809
533
1453
3766
2116
1060
800
4495
4356
3565
2572
3280
2614
4926
2364
4890
2327
2529
2126
1816
574
4991
1853
2690
3512
4083
2797
683
3990
3171
986
1443
4755
1176
1620
43
233
3350
3480
224
327
2988
348
1885
4481
3968
587
4040
3790
2726
1204
3022
1985
1112
3756
4841
2902
2053
4424
2354
1659
3671
1665
2798
3322
60
1959
3293
3337
280
1398
261
4526
4756
4129
4981
3659
2004
3113
1108
1060
2059
4706
1333
2761
4501
236
669
3073
4879
4267
3936
4410
819
855
1272
3257
4605
2359
4827
2785
3187
4631
397
2775
1013
3948
2328
1303
4521
4929
4501
3721
4818
183
3219
2759
4312
4149
3622
2644
4975
429
717
3492
3144
2866
187
3118
4138
1732
3075
657
4754
1943
3808
1277
58
3008
2940
143
390
2864
2602
1865
4429
4116
2245
1156
3406
3032
4758
4316
4452
1013
752
2753
940
546
1379
2355
338
3905
1771
2321
4625
1464
4560
12
4481
274
3072
3413
980
1476
1081
4092
1319
4894
4508
13
4855
3695
4792
2906
1686
2563
4646
560
4893
1190
4397
4540
4239
93
1764
1641
3275
3474
4515
3783
3453
2278
4042
1829
274
133
1014
2027
4509
4620
617
877
2558
1015
134
2484
4668
3591
4639
3538
3476
197
4995
952
1638
389
2497
3255
2956
4285
98
1699
983
4638
4587
3202
3589
3302
4002
3274
4488
2503
3077
2099
1049
4669
2916
3555
4462
1330
2746
4844
1169
2623
1053
2807
1921
472
2482
1682
2753
1159
1628
2805
1065
838
2973
3692
4589
674
32
2740
3119
678
1214
4385
2626
4344
2156
1699
3784
1983
2980
1476
186
1943
1684
2446
3263
1556
2408
904
2881
2024
2704
1050
131
647
2356
4633
3835
1295
1665
1013
2092
3609
697
1318
1732
1877
834
3413
3537
2190
468
143
4492
90
4009
1580
2049
2478
2871
733
511
4878
296
2888
2828
3797
2997
3176
3195
2923
2268
3523
573
1017
2232
3410
807
4541
1529
1381
3437
457
4015
4032
4021
1403
2138
2651
1613
4582
1981
3163
2230
3756
3651
621
3893
3020
1790
4104
3972
4489
899
798
3947
960
3975
4718
2648
1985
125
2833
1668
4003
2223
2635
3721
3046
2981
2113
2504
1639
3023
358
2140
404
1296
2170
3810
315
1231
1730
2475
2762
2248
100
101
4034
777
590
4380
1178
2118
2486
2459
3255
4411
2533
4591
964
4224
3290
10
2361
2018
814
2589
637
3493
1319
63
140
438
2595
2123
303
1062
4772
2777
4558
842
1544
4653
2069
1603
4964
279
1108
3236
1194
4170
1970
1218
1658
285
2578
3052
3183
1574
2600
1939
3180
3593
1057
4576
3215
2945
848
223
4076
4775
3062
3977
4575
3533
1327
2939
4545
38
3960
1371
1197
4376
1808
4551
4408
4089
2611
4110
3459
3086
1704
2543
2291
2738
3093
1147
4562
2921
3341
1693
3302
1990
1993
2782
3915
4965
708
2132
3703
1018
4685
4235
283
3014
2327
1023
4573
1157
4799
1222
4982
2332
1406
3362
2831
2399
2295
420
2576
910
584
2797
2377
119
4867
793
2615
3161
2126
1384
456
830
2883
2729
3190
623
2988
1620
4970
295
1363
2265
1418
3145
3418
3312
595
4516
3714
3393
4795
24
4398
443
954
120
162
4642
1224
4925
1606
2056
403
3263
4876
2003
3791
2995
2972
4411
448
4246
3123
2073
4953
663
440
43
4183
3804
1763
4321
1719
392
4367
3389
3772
4773
4135
3678
746
2792
84
4675
3803
4128
4813
4693
3579
3813
4994
2814
1935
4795
897
1172
3627
2072
859
2036
1355
603
1321
3849
3887
2770
4311
2528
2052
3698
1077
1333
18
875
4797
2455
1206
1071
1756
402
836
224
3034
1111
4805
1484
492
4326
1428
3801
739
3771
3869
77
877
484
1939
2121
3607
2816
3396
987
1737
569
493
1220
4467
3189
4268
282
2115
3040
1727
2616
2139
3205
4025
1215
4714
542
1738
2602
2092
2993
1768
1889
3542
212
2913
3765
1386
109
4556
3769
4093
2009
245
3273
879
115
618
3381
4333
2539
2526
1284
4111
1389
1460
2186
1904
4280
277
1527
3542
1813
1765
1959
1691
1241
1209
3304
3473
134
684
4752
2357
3175
4834
712
3056
553
3683
518
1970
801
516
4995
3339
3433
4803
4112
2805
4269
4613
2649
493
3565
4421
2936
672
710
1747
2057
2335
4873
1509
262
1610
4008
1810
4835
409
4863
571
646
4719
2540
1043
4878
1860
4233
4468
2815
4835
163
83
52
114
1589
748
2230
1257
2233
416
4813
1269
1629
1421
3672
3277
3869
4795
3126
2388
408
3436
145
166
3131
1086
165
37
3951
183
4806
295
2249
4263
3996
2005
2745
391
3410
1331
2716
1918
3922
1865
3277
1764
2135
531
2154
2465
4803
2076
1376
2540
2787
1084
2292
1656
1555
4595
4218
4994
1035
4289
507
2693
4286
4235
3341
647
2887
2326
2723
1240
1285
552
3515
1610
2467
2480
1428
1617
796
783
69
1565
1202
649
2682
4077
1103
2202
4829
796
1146
433
3731
869
2624
3520
3323
389
4195
4510
4874
1521
1
730
117
1122
2432
4065
3599
1486
4357
4273
870
1940
2422
499
764
3391
167
931
3360
1979
1472
3112
398
866
4964
4996
742
182
3910
3303
2541
3535
3256
3849
439
4277
4825
1876
4060
4139
2844
4337
4753
2860
406
2382
4048
3758
247
2323
1269
2176
1941
2524
4719
1090
2308
1823
134
1822
1232
3443
4871
695
3209
2423
2349
1798
1228
2902
1722
4803
2283
2694
4213
2587
1175
3831
4328
4966
1761
279
3266
2712
278
2088
2810
4375
4706
3696
2168
80
915
3535
4875
2951
2977
2378
4566
2060
601
3034
1701
855
2575
1186
2819
3921
2943
1010
2441
3749
2018
719
3731
1343
1288
1808
3354
3629
3923
1767
4911
53
1092
348
3946
1254
106
3907
643
2197
4882
3320
1165
998
2741
1519
1325
2655
2026
4381
2466
313
1468
1105
4275
414
4425
3879
4816
4375
2256
3114
2361
3617
62
611
2882
4588
3564
2600
1548
626
32
1671
4260
3067
1740
3779
2028
717
3331
2859
4652
1180
1694
141
815
4008
2380
1714
130
1467
812
1018
3059
3086
3570
4920
4969
2381
3649
2657
3969
2336
1047
3918
3507
1224
2961
4557
4188
2128
2646
4807
4983
791
201
3405
4460
925
4547
4754
4318
1110
3109
1349
3839
4161
2595
1755
2949
4457
3838
4608
1236
480
1251
4611
3439
4184
3270
4918
180
2916
1405
3829
1693
1234
4300
1465
3993
1002
3457
1970
549
983
933
2767
1499
650
263
4719
4008
4844
571
1183
571
4643
2978
4440
1825
4845
2929
136
45
244
4359
1862
978
3785
1227
4789
4300
3233
4830
2505
3284
3850
1147
3627
3028
2133
1310
4501
1603
2335
714
1770
3103
1289
3881
19
3946
513
2700
381
4843
1391
2639
1053
4010
2164
333
1278
1675
355
3725
4805
2135
802
2407
4493
4910
4100
2188
1587
4179
4807
755
2065
2802
2626
3295
216
3633
3595
151
525
2198
3783
510
1837
3980
1544
2497
3180
160
632
2666
143
3145
4964
1074
2000
2177
2352
2039
4883
1180
3262
4558
2673
2375
3070
4488
4356
3323
439
225
3427
100
2939
3889
802
4649
691
913
179
3063
1782
355
2526
2159
4012
397
2070
688
3770
974
3501
2665
4756
2236
2494
2602
1085
1196
2793
1833
2052
2135
4474
1136
2632
2312
4621
1205
1866
849
1318
1400
1179
1851
52
794
3561
501
3122
1072
266
255
3919
285
4685
507
4971
3182
954
793
4207
4536
3449
3039
3208
583
727
605
299
4079
3292
4822
2662
1163
1868
2122
274
4207
3220
1717
3888
2361
3568
3599
1606
456
4762
2664
4847
2363
2762
1744
3005
3318
1202
3650
4417
1140
4652
1374
493
2610
4280
2328
3325
2301
151
2848
4472
2153
3872
3380
1926
4191
819
1262
2375
571
3351
2118
4612
836
4495
3799
1800
4569
4190
3566
4249
1836
3864
3256
4795
881
1042
494
3899
125
693
3288
2603
1863
1822
1518
1445
2134
1114
2877
3281
3985
4695
2206
3765
3626
3101
341
3824
670
727
4825
3835
4710
552
3464
1691
3437
3992
378
448
4769
3538
944
3780
1631
791
2333
275
2301
1715
4450
1329
1537
1550
4851
848
518
2094
3342
2301
2060
3161
4271
4618
3543
4835
366
2179
1803
63
1526
198
3169
4848
3239
1891
847
49
3787
3290
2474
1056
1015
2339
1360
3940
2268
4248
2442
4115
604
3594
4667
2560
3783
4451
3226
2106
935
4669
4302
4325
4482
4082
4726
2307
4719
2238
2018
3546
2161
2805
575
1905
3379
1281
3323
674
2786
3903
3133
4194
1825
24
2210
4106
1327
4203
1903
2746
400
2643
2685
4933
2607
2676
2908
269
4544
2467
1372
3679
1532
4161
785
4728
4167
1577
16
4642
4558
4539
1627
1206
4134
701
3683
1775
1328
4647
2637
390
3281
4898
3773
693
874
2299
4872
2549
586
2549
1258
4822
868
236
3040
4755
1408
712
1736
2063
4018
3195
2091
4623
2013
2192
1238
361
958
4298
4871
1211
3601
2915
3214
130
47
1445
617
768
4501
2298
1982
262
2129
2757
801
1905
4259
4680
1493
2136
341
3852
3086
960
3330
2076
2572
1154
4577
785
2062
1075
4963
1377
20
4584
3446
3985
4858
1751
1232
3209
3693
1130
1820
2384
3887
723
4686
74
2937
35
3194
3450
218
1462
876
1255
2311
2319
1024
3877
2359
1726
2824
2148
4960
4626
3376
2950
312
4917
2679
1991
2516
1935
3989
2291
4844
1809
107
4828
4931
3857
3841
2975
385
2977
1105
2026
2840
1742
3985
2847
2622
567
2416
4025
3283
4411
2232
2956
3622
4180
2285
3056
3371
2926
142
270
909
2401
23
4293
427
4945
333
2448
3135
2857
2825
4419
714
4224
778
3901
3420
704
2334
4386
1343
4023
4730
4395
191
4184
3913
4944
4754
3603
589
170
2234
3429
1135
2852
32
44
4068
2583
1330
3525
2906
407
3749
4707
3332
1289
1987
1612
3741
1478
4553
1901
1628
3640
2379
2990
3422
606
4374
599
4692
125
1516
4677
3202
1886
4319
636
3478
3378
1258
3561
361
4694
2456
417
163
4922
639
173
3496
4080
3942
4867
2540
3623
4132
2066
2548
1068
3828
4803
2135
4446
3668
2498
1071
4199
3390
4094
4595
4537
4525
1315
4299
1708
2033
178
2474
2921
968
2547
631
1692
538
3705
1602
2139
3608
3738
2099
4565
3123
198
3284
1219
2476
3153
785
3987
4964
886
4596
4681
3164
2773
2673
4719
3878
1260
4580
3295
223
2121
3524
1505
2745
2530
4418
3467
573
1966
4076
2421
3070
3579
1712
856
3375
2877
1602
3739
2290
3313
2370
1680
142
2385
1980
165
275
2398
3759
4182
4373
1210
4653
691
728
3155
4777
4521
3432
796
4383
959
3072
2978
3455
2984
3212
2641
3526
1309
2111
440
4147
4155
600
1100
2374
3946
651
2965
2856
2820
4836
1724
778
4961
150
997
101
4263
3837
2859
4102
3554
3444
3043
756
552
693
3820
4404
2422
108
4910
1270
275
4413
3688
497
2619
1595
367
2909
677
2048
212
2798
3734
185
932
1672
3634
2529
4231
1115
1647
2219
4698
1569
2733
4650
3719
4848
3759
1352
1751
2132
3316
829
1193
2347
4780
1765
195
1970
3018
3826
894
1565
2962
2491
2487
852
990
2068
2104
472
1502
673
4499
4468
1491
4313
2867
1149
2710
2966
2403
937
2682
1968
4374
4294
4036
3123
2118
1112
4847
2395
4118
4077
2292
2277
3131
2055
2163
983
721
1292
2549
3564
944
604
3653
920
500
3927
3946
1387
4328
4817
4710
4085
4073
2785
771
4904
2610
4015
3392
3492
2267
4031
4055
4811
2054
787
1698
189
3275
1751
4944
2493
669
1541
1807
2524
2793
4166
3188
4416
3503
1244
1981
4508
3035
1523
4585
4037
4065
2356
4532
4364
2329
4547
4116
1470
951
301
3513
1552
2833
4914
2174
2904
3794
3705
2000
540
2427
4293
4350
4739
4038
1776
823
4515
4076
4154
2210
1011
2215
2538
4176
489
1036
1502
3238
4955
1641
816
3090
159
3307
133
3362
1040
4257
23
322
4144
3915
2141
4486
4805
1303
4421
1783
3841
3706
2418
1389
3889
660
1992
421
3117
4555
2853
3838
4539
513
4598
4406
1619
1246
4241
1784
497
4348
3619
902
2594
2697
1195
409
4777
1483
291
719
4766
739
3146
377
4892
3404
4868
3676
415
727
2145
1194
3127
335
1834
1393
4558
4520
2841
4494
2476
3130
3150
2301
2229
844
3344
3672
1098
4686
3355
818
2483
99
2935
4442
872
2481
864
1303
2028
1404
978
4493
1139
1670
3741
297
4711
4117
832
1304
2433
38
4398
2568
3148
919
2007
1889
4193
1806
4858
963
2131
4466
115
637
855
391
2060
1229
2032
2740
3054
463
2842
4385
441
3834
3971
3254
1336
1776
3325
1423
102
3398
2095
3684
727
4682
3497
431
1505
4449
3372
3663
377
3981
1008
452
4597
266
3784
1873
90
3206
136
322
4147
3055
4906
100
4611
614
3453
855
3171
200
3827
1658
1262
3398
3723
2336
385
3407
3979
588
3141
4029
2907
1246
482
4118
1340
406
1991
3140
4115
4291
3292
397
211
4670
4419
924
2930
2001
1764
1081
1632
1464
3531
3968
1799
3558
2969
85
4468
1969
3638
3955
757
978
4884
3015
3155
2153
2895
553
2685
3338
473
1316
3691
1579
4336
1126
3973
4028
295
4758
1456
3364
855
556
226
3166
4598
2379
3941
684
39
2217
3780
810
2237
4717
1824
2538
182
1048
1451
2180
3503
1396
3077
3763
2610
1956
412
3710
4196
199
1930
1531
440
4502
2034
2906
1718
3868
1149
2349
487
3065
3434
2235
1418
3203
992
2525
1064
2585
2287
224
2942
1642
1509
4518
2444
4278
4784
2114
2840
813
580
1715
2008
2919
3221
1413
1943
2937
2883
4806
4787
911
3498
606
2410
953
1797
4546
2106
3092
4204
3135
4825
1221
4911
4737
4044
939
1133
4542
4712
801
105
4693
4924
2014
2569
1422
96
4411
3842
2164
4841
1724
2508
1190
14
3344
724
3629
2418
3731
2151
3381
895
3818
4910
3189
2321
2947
2176
854
3158
1861
254
1711
2886
2274
4679
4800
514
3806
378
2654
3598
442
1345
2969
1747
3871
945
1801
920
4416
1234
2553
4601
4174
2352
2345
1150
2375
1300
4422
776
4016
1302
4899
1106
627
4372
3992
1192
2011
3396
3249
3768
3439
1810
554
3031
1923
1844
4870
1642
2570
665
1226
4975
1449
1968
4980
4143
1348
1308
2500
346
4565
1800
1567
3414
310
755
1361
3900
3952
434
2241
1056
4196
423
2829
3990
3672
1174
2452
4491
3882
4046
2732
3421
3294
4420
871
4874
4525
1594
4499
4030
4748
4447
2784
2512
3005
3397
1190
2210
1440
2935
3729
275
3610
435
3262
4606
4284
3941
1128
2348
2306
4670
853
1819
436
2862
4939
4431
4085
827
4212
2387
20
2611
2469
574
3101
3814
4711
2746
3452
330
3461
2747
4331
1075
2069
2885
4415
3493
4565
4100
4089
3178
3370
142
1226
4383
3067
927
1998
3122
3516
2830
2505
372
2196
899
4100
825
2197
674
3106
833
1123
2213
1317
2648
3433
1509
1308
2559
2419
1724
2413
633
4247
2161
4924
3398
1739
1939
3449
4235
3530
1580
3912
3740
4618
479
4998
1481
3924
798
1013
171
436
3060
2231
109
2980
4088
851
3863
2728
103
531
3671
3487
1779
4315
366
2538
2035
3064
1285
2235
1574
1587
1406
1122
3162
318
3560
2067
1831
2883
743
2872
1123
927
2191
499
3715
342
3632
2945
3117
3158
4117
1910
4648
3262
4620
4535
1475
4013
3777
4280
3792
4272
1695
2692
1477
4463
3983
2624
2162
1693
2490
4643
558
1783
2110
440
3361
1077
477
3366
4674
2063
1918
4952
1388
4780
2550
1723
2327
3956
3543
296
2714
286
4844
1777
3909
3041
2206
4458
936
4371
2695
2239
4825
1461
4938
1967
4485
4840
2174
2740
886
1635
2003
1528
393
4803
29
3871
991
3864
4752
1558
4122
4482
2513
2205
796
3430
1010
4813
1351
1101
463
4647
4586
3219
2212
3593
2469
241
2375
1801
3958
3663
2073
2310
3289
2022
2259
3285
2020
4379
1725
4181
6
1499
4982
2481
1630
3722
2417
1698
3417
84
1491
2826
2781
632
3861
3900
3881
2838
547
2463
2099
2130
3639
4483
1449
3168
2055
1692
2118
1649
2373
4682
4934
4985
4857
985
3949
3799
3741
3360
1118
4463
2317
3638
2812
4498
2117
1057
3057
2486
4973
3596
4056
3316
2223
849
2764
4568
4632
4860
2677
3421
2308
1946
2666
1578
3855
3021
2009
2215
2312
332
727
3573
2338
3395
4692
4386
3997
3817
1565
2693
3842
4445
2157
874
521
2032
1260
82
3000
4040
2623
1041
4002
1792
2460
2743
1188
4358
4749
852
3881
4836
129
1396
2877
4372
4159
1529
4538
2568
4230
2658
2885
3413
3897
3758
4040
1006
2511
1938
4685
4726
2776
1140
852
1744
967
422
2214
2102
3092
3572
584
456
4243
4379
670
357
352
1551
1544
3941
2941
2772
2682
3168
1182
2998
4747
1724
440
4597
3199
4362
4277
2516
2256
116
2569
4724
4851
3557
470
11
2236
170
3235
4336
1876
106
837
1444
364
4943
3081
2788
2273
3099
2124
4329
1440
4609
9
3565
2344
946
494
3292
3903
1146
3028
289
3624
3245
4970
586
2508
4368
607
312
1677
323
254
270
3546
2172
1435
1807
3921
3643
4908
1398
142
369
2255
2739
316
2919
2566
2462
3602
2738
3397
3971
657
3253
2636
1798
3823
1210
764
4767
1966
4953
724
1553
4998
1335
4434
4253
2804
4202
1204
4874
1549
4109
4381
2032
3264
3886
1556
1260
1739
4306
3128
4023
2476
4901
4576
3001
4730
3085
2662
4248
46
2329
2063
938
354
2472
3561
2035
4885
3113
1559
4671
3921
3746
2440
4168
776
1764
62
729
2276
596
1911
2193
4311
2851
3209
2889
3191
4776
3719
438
4969
3176
1993
467
4190
1892
4892
1635
4868
4918
2151
4985
1775
1686
155
2265
656
3689
2393
892
1611
767
3976
1077
1790
3010
2687
3497
3346
4037
593
261
4137
2365
4888
307
4238
4128
1239
3417
1919
1356
4350
4222
1089
2999
1044
4259
1065
4279
742
4212
926
2013
4793
1486
4276
3134
4104
4585
810
2664
4809
1715
3940
4724
3074
969
3223
4108
1993
692
4352
1352
962
1501
4065
2172
3413
1435
3753
4638
4005
3572
4071
2475
638
1721
555
4522
3625
4873
2464
2401
4765
2983
2556
3850
4156
279
322
1276
4587
336
4878
4014
2022
2579
3329
596
1849
4471
3894
2988
811
565
3966
4212
2286
1040
2224
1146
4726
2013
1155
4859
3591
4981
2051
3175
3391
2326
2587
323
1069
1467
4867
814
3917
490
602
3416
3390
2900
3370
4080
2566
1946
3713
3886
2163
3649
444
1669
4372
3665
2537
515
3407
653
4692
4377
4917
4899
3651
3797
3550
2866
3342
4534
3030
2733
2508
3638
2797
4914
2756
181
544
2079
3501
4236
2085
1323
47
3023
1417
2468
3427
3403
303
3083
2686
2881
4359
4906
989
1191
1983
1734
266
2067
454
750
950
2492
2528
1412
3815
2444
3684
239
488
4784
151
4058
1548
2729
4755
548
4834
622
4726
3774
2756
863
3559
1344
67
2971
1101
1198
118
446
4832
4035
1098
3257
1534
4057
1245
2358
3154
3076
22
4599
2797
4789
1689
1102
1974
3787
2932
2925
1824
4006
