832 3025 1502
2296
3688
1200
3005
4334
2566
3480
778
1803
3800
2188
2857
4364
2962
1418
3723
454
3748
1093
2714
2465
1529
2619
2426
446
1979
647
3622
1334
1041
2240
702
3802
1996
2212
2488
76
867
3858
3486
1096
4040
3816
3992
28
4733
4664
47
2643
3540
4828
3934
3485
1760
3699
3441
739
1549
1465
3979
163
3195
4521
3345
3516
1473
3594
1188
2061
1784
2303
3700
767
1532
4682
4829
3076
3904
3122
3128
2135
4445
4982
3713
2080
3570
1635
184
4285
1693
1642
820
804
2537
1691
2237
1360
4139
2368
4927
3478
4792
3677
1470
626
893
1088
791
4450
3566
2183
425
1016
4260
3221
3911
4582
683
405
606
3324
3047
3000
1071
2277
4230
4173
4836
4220
2230
4478
3789
473
2122
4777
2970
3455
201
47
1470
126
4763
3113
3300
787
4204
4142
1061
2983
1142
1931
4568
1446
2769
4101
4222
879
928
4303
3595
4301
4434
3073
2480
2519
2249
1471
49
386
3314
2885
4590
2478
4511
4826
1369
942
4251
4111
100
2629
1451
1482
4424
3142
2973
112
1408
2641
2181
3341
3551
2353
2974
4048
4507
820
3926
4617
4752
3899
2130
641
298
4480
1195
685
4742
64
4835
4473
2482
3173
2394
2684
2245
398
889
21
642
3295
4436
953
4138
4946
4272
733
1337
3568
3641
2682
2302
4014
561
1234
114
396
728
810
601
4613
2101
3895
574
76
3404
1496
4453
4673
1154
1822
4359
2295
527
1117
1447
2691
643
2412
2107
4816
2958
2846
4519
2426
822
1880
4121
4573
1252
1992
2379
4229
2283
4772
1018
512
2562
3639
2479
2626
848
1235
3216
682
2826
1957
1569
2575
4421
3997
2304
3658
4423
2501
1582
3793
2932
380
2320
465
187
1495
3971
3815
25
356
1396
3971
1787
1197
4936
4661
3033
3252
916
641
3703
3597
568
3815
4310
22
4218
3596
2464
4382
2666
4356
1152
2979
2145
2412
3649
191
3244
1460
4729
4042
4727
4173
2162
838
543
3267
4996
2318
4341
4001
2987
4699
2234
889
3204
1352
2281
4626
3211
2683
3197
2734
3555
3019
4815
662
3238
978
3135
2324
2132
2363
2285
3865
1705
3713
1753
4963
3436
2103
2589
4008
902
2165
746
3826
3294
2193
2740
4363
240
335
4874
132
3090
59
4265
3904
3546
2831
1788
4659
321
1247
3068
637
2850
475
2638
1464
575
2718
2416
2355
4436
4033
1365
2691
2082
2350
1964
4343
1070
3858
852
186
3013
73
440
4556
1050
4472
3971
1183
2026
686
4380
1156
3888
4755
4113
280
80
3595
818
363
1618
243
2618
2704
2434
2105
1959
4117
4304
4193
4096
3239
1508
100
2898
510
2160
4473
308
3874
738
1303
4752
1638
3250
64
4246
2437
2521
1501
1528
4849
4775
660
2268
2799
1651
3804
1535
3377
4719
3494
2626
3705
2574
3977
4359
529
298
1336
1430
3460
518
2086
757
4584
3316
3797
3715
288
1275
1466
10
743
2297
2388
4837
1510
4425
4270
2071
3629
4801
3901
1540
1351
3129
3054
1373
1236
2116
1767
1675
4396
4966
3230
3480
1770
4455
4065
3351
1005
562
4560
1621
3290
4788
4502
3471
1025
2009
1964
2036
345
4912
697
4645
1993
739
4748
776
1262
1029
4891
902
1888
1786
2670
3015
292
3526
3234
14
1087
779
395
3202
1327
3398
3857
1746
2142
4324
590
3011
1583
4235
686
4714
1442
2541
1336
85
198
520
2604
2848
435
3153
418
2563
913
4858
1024
2668
4065
3601
500
3916
1965
1270
4735
138
4067
4572
103
3797
4302
3543
3085
1508
392
927
4949
4779
3140
2116
3236
3187
968
4872
1400
2317
1298
1027
181
3937
4502
2969
3691
4038
4955
4774
2747
1307
1411
1407
1452
451
777
2989
680
1579
475
1451
2444
4031
1619
1677
1239
2657
413
3740
305
4987
882
1309
2813
3820
3763
2849
2163
518
2701
210
2276
1349
4177
4109
3177
1769
132
2509
3763
2144
463
3831
3025
4220
838
1473
1142
3549
1741
2408
498
4390
4068
4397
3361
1506
754
982
1728
3358
4861
3324
2268
7
338
3157
2746
443
2355
1590
4100
2765
160
2311
4393
3101
3977
4781
2643
914
4133
3525
1720
2302
1787
4947
1139
3793
452
693
980
3336
1477
1174
4596
4723
830
193
1949
4877
3820
1812
4819
1830
4708
867
1330
4481
786
3966
1916
243
3545
1843
2033
1223
3578
1712
2188
1056
662
2359
235
3262
1834
3186
4305
2809
3741
663
1081
716
2573
1659
891
4833
4073
1345
4164
549
3073
76
1370
956
237
4703
650
1392
4575
2103
1144
4136
982
1624
848
4996
3870
2238
2707
2890
3233
3426
912
729
2850
3168
4315
234
2261
412
789
4979
2186
899
1021
4900
1729
11
740
3703
4918
3311
2855
3194
4034
1294
1640
1309
1534
4301
1107
1854
