3705 2197 1347
1390
1569
785
3920
157
2870
269
4004
3241
3566
2358
829
4866
147
3341
2265
3731
2941
1607
2654
3243
3470
414
4453
4504
2595
3631
4777
2339
4098
1622
4061
3029
941
4376
1364
3942
1241
3775
469
3342
1
3876
4870
56
1062
3753
1788
2251
4406
4088
610
4957
3729
1340
761
3165
3390
2076
1585
4351
4906
4050
142
3902
3996
3255
1439
4578
156
2394
2413
2365
1141
1237
3207
4209
3847
4372
2196
3593
2343
3861
2588
3190
1358
2155
4560
1180
731
3403
734
4431
989
1671
1624
4640
4781
4989
4336
4243
2037
2959
4816
3325
203
4275
2877
2867
2689
80
4793
1504
2226
954
1336
4359
1272
4323
3516
1093
4172
3935
3833
2677
1570
4484
366
4647
4314
3638
652
246
1061
1556
657
2246
3081
726
3760
3498
3670
2747
768
3809
900
3364
635
1839
1264
2654
224
1404
2151
4031
2827
1551
4979
4471
205
2969
2794
3872
3355
4588
2809
763
636
2712
995
3937
1831
1979
4991
4456
821
1681
2212
1348
4545
2855
2364
3839
3107
2472
3021
1604
3863
3052
781
3801
3681
142
2990
4056
3417
4629
4785
3716
3232
3474
293
3142
2650
2538
1467
4578
2102
4264
60
1050
1168
1478
4954
1627
430
1221
2919
2292
3477
2712
1419
16
4109
752
793
1847
2608
589
1522
1852
911
394
2249
477
4802
329
228
4676
3432
1300
4116
3250
1
3717
561
1772
2936
1651
4458
4387
61
3007
3241
1321
3559
869
4639
2280
4375
3093
4548
2115
1613
3349
3955
2423
3793
3613
2126
3156
4879
4452
4487
1225
2165
2264
1719
453
257
4721
4694
2964
2521
4774
138
514
1486
231
2139
4451
990
1069
3753
3376
1026
609
4660
4604
3759
4888
3910
3776
438
1610
4384
2670
408
2881
1532
2657
3322
538
2173
3094
1048
3941
679
2660
4498
321
2169
594
3751
1752
4818
611
713
4860
4962
2460
4025
4887
2124
2180
2116
3690
2322
4250
3893
1038
64
199
4383
302
3965
4439
2084
4600
3865
4845
4099
2322
3776
4829
3054
4356
4899
1042
1762
594
2478
1902
4043
1404
450
2055
302
1554
2700
3357
1320
2878
3845
4583
1794
647
3676
3544
4852
4911
3098
1285
748
2381
975
2729
3115
3681
4222
2043
1157
485
2694
4206
4214
2533
3629
221
2188
1647
3004
2600
4616
2267
2330
4880
1539
4972
1332
1572
70
2521
1438
4566
3879
4860
3567
2067
4046
1869
4496
2792
4433
4291
2857
1019
4607
3114
4617
2674
229
562
1691
2865
3388
1112
1248
1525
2325
1287
15
3503
2982
4740
2517
1547
4021
4690
4379
3581
20
4900
706
3437
592
2900
2875
3056
3761
4874
4983
3366
1112
610
4060
1942
855
2082
4922
4678
3986
142
2210
4654
2666
4107
3602
2726
4912
2776
2238
4306
2496
1197
2371
3357
1775
482
1689
2750
303
1198
148
1491
99
2262
4121
3690
3674
91
1706
3628
289
57
820
2417
2776
3354
1183
654
1322
447
1780
1354
4238
3374
3544
2616
1999
4689
3154
2851
2054
608
1799
4335
1374
675
2952
4405
1227
525
4062
1407
2725
3789
373
663
4145
4867
2772
2378
1058
2360
4103
2949
1789
4941
123
454
2899
1746
3135
3752
3983
1069
2288
2306
4632
4206
2213
75
3435
1366
5
4618
4569
2709
4123
2128
599
4331
251
4195
769
1133
1419
722
1232
3030
3526
960
750
3940
715
1763
4377
3878
2834
2971
3061
2011
24
2855
2086
1569
2523
4089
2690
1300
1912
4332
2812
2976
2719
1983
4665
2143
2547
4206
2109
4671
2005
706
3338
4073
3535
1451
4123
3156
246
1314
1451
1073
282
1518
4664
652
2376
4106
2182
4939
1579
4335
1914
688
4795
4809
4598
1130
858
748
4242
2073
4013
3312
1325
754
800
2984
3718
4897
4333
4472
4023
4157
1020
3037
3448
2557
1368
3336
2775
437
3476
3042
1328
3555
2713
2425
582
2680
726
1882
960
393
575
4616
879
2476
1986
1399
600
631
1778
3597
1
4565
3454
404
123
1416
1847
2466
3547
3887
648
97
2817
2652
4485
3949
1903
3556
4189
3936
3992
75
1999
2654
1722
1155
944
4263
1806
3098
4667
735
3207
4771
3007
369
978
2355
3261
3015
1114
2461
3288
2223
3596
4844
4492
2467
2889
1913
1792
3844
4094
2609
2373
3468
4999
832
1015
1790
857
449
4683
3076
2147
2321
4651
3594
2022
4139
2197
2603
1761
3563
4058
1828
2358
3818
1264
247
1747
1581
2023
15
1156
4267
4322
2735
4394
836
3251
4628
2552
1682
2532
3718
947
434
3435
4228
1147
803
2147
3422
3575
452
2836
887
400
2393
1772
606
3054
2906
74
4334
4848
251
3634
2319
4924
2855
4303
3154
2087
3287
3768
4055
1134
1221
2195
3767
3235
3159
4446
2569
4211
3266
2082
1082
4729
3115
3737
1813
4623
4154
1850
3186
2178
692
4761
1360
2094
3395
147
2461
4570
1716
3151
850
4090
2432
223
1187
3330
3583
3998
1048
1607
4639
3215
211
2769
2990
1886
1212
2198
3786
924
1609
4139
315
3706
299
3115
1841
3254
1853
2131
4274
2964
4507
65
2951
2686
2369
4576
1675
4019
2614
332
2660
1927
969
4312
4945
2498
69
2315
4017
2996
4502
3688
2739
2228
495
367
3305
1782
2102
2494
4424
3849
4783
19
560
1901
61
1490
2935
1353
3865
4775
4621
4333
1885
4878
3243
2356
3182
2512
2189
2115
2484
704
4303
2947
4969
111
1944
1137
924
2432
1290
752
1128
631
545
3904
4664
4675
1057
735
255
88
1198
2451
4155
1344
217
2254
2751
69
2547
2564
4483
4738
3395
4097
180
3790
1953
2755
4762
3655
4912
4591
486
2145
542
1690
2760
1992
4244
83
2755
330
1204
3599
464
4595
4381
4733
4178
4771
4709
2747
4161
4174
887
2594
912
3592
2073
4048
2052
312
606
3665
2654
1203
4741
4587
4695
4395
2981
1924
983
4272
190
527
3821
2267
3266
323
4447
4888
1686
3977
201
2734
2868
2600
2341
573
4414
409
4079
2925
1573
1678
2052
4753
2719
4513
1180
2743
1315
3203
4043
2898
4722
1955
4543
2033
3702
3762
3983
736
4815
2295
1209
2200
956
4453
251
2170
1550
1003
127
1589
4776
3931
2729
1813
4444
2978
1484
3480
2503
746
190
4537
3125
3949
2770
1854
3603
1892
4481
2223
42
3218
2413
1582
3883
4033
1563
3565
1559
2784
3353
1138
3007
1473
1141
4666
4378
3870
1491
2647
2862
731
1605
4473
1185
2430
1867
1355
2291
4130
2117
3997
1480
3445
2548
3355
64
4941
4464
2975
3389
446
888
4922
1285
3020
389
12
2319
200
2172
2166
3765
4742
2053
3702
3154
546
1948
1351
2152
826
3372
1805
743
251
4726
3048
2009
1913
690
4720
1733
1020
1846
1933
1154
1280
1611
2635
1051
869
506
1983
3617
1895
1526
1864
2162
39
3786
960
1546
24
629
1440
2798
4865
4322
3092
45
2140
4938
4764
2640
2861
1307
4402
3280
2346
3093
3182
4596
843
4963
4187
4100
3475
3587
54
4074
3069
1546
38
3063
3030
1407
912
835
2578
4074
179
3578
1040
2510
1717
4040
4475
3093
894
2036
2615
1324
4636
2975
1709
3433
2050
1720
4063
3744
1346
4723
1473
2988
2084
605
2280
2761
2123
239
437
2323
1339
1269
739
3073
2626
556
2450
1211
2022
670
1264
4827
79
4479
4860
2549
3577
4979
3581
3562
1098
1303
4952
2215
3397
2836
4318
3357
1406
3678
2769
4294
4721
1065
2991
3620
1768
3499
3198
2889
1955
51
3803
4462
226
187
3454
4438
2108
301
2343
3413
708
5
4449
2033
4414
4729
4393
4052
3410
2726
2868
2752
3050
3756
4597
1145
3167
2366
878
3490
3058
4517
2700
3233
2497
595
322
3808
2800
3595
3970
3787
177
2586
2395
1903
4603
3899
3176
4691
2528
1470
4501
2974
2567
2497
2615
3342
4933
4355
3326
3137
4395
1834
3073
3643
2269
3947
1559
680
4169
1534
1971
1628
2016
9
1143
189
2622
1518
2798
3637
2622
3711
3986
3790
2177
1630
3704
2052
1593
1267
3778
3795
3221
4930
3318
2508
3985
1674
655
3676
1498
609
1797
3701
2754
253
454
172
2534
1414
1392
3816
3879
2911
4108
3065
584
1334
1246
399
1065
773
2240
4740
3990
4652
4077
4240
2709
3937
3677
1445
4292
3670
2272
2766
3637
695
989
2782
347
3682
825
2301
2949
4999
3247
2037
323
3833
2981
4623
4315
812
3033
4392
2634
599
1446
474
2296
4917
356
3203
967
350
4587
4059
941
361
2034
3993
1895
2708
4654
96
2322
2245
1218
4707
2237
1228
4506
681
1749
1716
3090
2353
2359
3755
314
1896
2682
3876
4432
507
3039
3184
2964
3940
880
1729
790
2403
2438
4472
1655
4353
4835
1894
2340
4215
1241
1949
3469
827
4394
528
3188
3669
2991
2717
1554
2053
2929
2337
2784
2122
4962
3368
857
2322
3749
586
4474
440
342
4218
2603
1694
774
1390
125
1519
1644
4171
4123
1013
4603
296
2117
2034
1054
512
4597
2406
2843
2869
4400
2493
2200
3617
3918
3945
154
1163
2445
835
3591
498
1187
2556
1188
3495
2144
946
3172
2861
1383
4149
1025
696
2017
2708
1037
2943
4818
4866
4085
655
2761
3962
4370
461
4656
3016
2756
4672
4283
3001
167
433
2582
4934
90
1889
1850
3908
4701
723
892
4502
2881
4655
3038
4037
1374
728
897
2768
2104
3748
2784
2540
3151
3271
4192
2161
2368
3974
523
401
3488
473
1440
2764
970
1165
1948
1229
1696
740
1443
3630
4095
2684
3462
3157
1804
4457
4714
3588
262
3757
4715
379
2855
4850
3304
667
566
1953
4998
531
347
4534
4843
768
65
4730
4328
133
2722
1691
107
2066
1416
2999
3377
1722
1106
3500
463
3022
704
3540
247
3977
2751
388
4287
4810
4961
1921
1510
4946
2211
859
3813
618
1541
2308
2226
364
4764
4153
1447
2514
1528
1803
3567
4898
3537
3217
2554
1798
1250
4777
2818
3327
799
4108
188
3097
488
2447
4006
4500
2673
1440
4751
2041
4629
4869
4320
409
4295
623
4957
195
2210
2649
4024
4262
2804
1139
4715
496
4568
3438
2391
583
204
2248
2483
1025
370
893
4907
4120
2551
1891
998
3908
788
4393
4641
3888
445
166
2315
964
2553
4495
1935
1119
505
3985
392
2274
1302
1263
1801
446
2026
3056
540
725
3198
284
2736
4877
256
1424
1193
3002
3243
2910
1147
2666
3992
3159
1718
3906
2805
4278
1764
2160
32
4730
4442
2973
2727
2980
1773
4104
1143
1165
2910
1042
1481
3808
980
3660
734
965
3022
1211
4891
1632
1815
4592
1823
408
4775
4165
4231
2130
2152
1841
1828
661
3417
3498
1354
300
2078
2549
4032
3348
3472
4918
2094
4111
4515
273
171
3641
3826
3151
523
1359
1937
3686
3024
1696
1085
2717
1699
1185
4164
3880
1824
3067
3386
2819
3472
1587
3724
558
3442
3029
2119
2037
4052
2572
360
1605
1714
4701
803
2155
3081
4470
47
3871
1254
1209
96
4087
1761
1734
4971
1995
2037
56
3612
98
4744
1003
2285
1323
3057
1716
1269
1354
124
25
7
3449
3531
1802
1008
1071
1219
1302
562
4446
323
2540
826
584
689
3739
431
1093
2623
3036
2006
3063
4442
4920
577
3647
4323
1668
2221
2982
2491
2358
346
419
3233
165
3724
4250
1921
863
3030
4963
2270
3774
479
2656
713
2085
2114
1788
677
509
4899
2035
819
2844
1736
3934
1594
4552
1613
905
748
1726
4770
2738
1893
4813
3082
654
1474
1430
2926
1202
3905
2785
4340
1286
4722
333
569
1778
336
1786
2565
4431
80
1877
4493
958
2253
1748
45
4220
2520
3387
1718
3540
4351
3897
2718
3107
3644
4023
216
305
736
4187
2466
113
3229
3963
2122
2904
280
589
4142
1016
3500
2038
4295
3359
1652
2697
2859
673
3915
2937
4854
2820
119
1747
4893
4896
169
2127
317
4130
3850
129
102
4765
1304
2177
1507
1132
2113
1136
4926
901
3689
1599
1923
4412
2057
4578
1123
2304
3483
3061
225
4481
1708
3281
1884
3209
1414
3572
3797
1548
3397
772
1105
190
784
1417
862
2506
3922
3689
2127
260
279
4548
4575
1545
2751
4678
3000
1586
4618
1629
4311
74
3445
4829
2259
2845
4299
3963
2477
3986
4820
4797
4992
2897
2801
2049
1272
1430
119
3567
1913
11
857
3701
2507
3929
3661
3422
4931
3680
1548
2175
1090
3307
2216
1330
4441
1606
4369
1805
3242
139
4788
2561
1823
4318
3728
406
3635
32
1993
381
2406
4885
3757
4192
3758
2881
2256
1040
2510
869
1177
1483
2637
1179
2644
1194
4796
634
4295
4728
550
3529
2886
1195
931
4852
1033
430
2294
433
3795
1111
404
2308
1632
196
3833
830
3949
964
3820
1580
4265
4623
145
1657
3503
1653
3185
1740
1938
1378
4302
1477
4316
901
653
429
901
3196
3918
2345
4507
3442
2439
4094
782
229
2503
4055
1844
257
4104
2427
3120
2905
2689
1377
1405
1592
524
2181
1191
966
816
4073
837
4129
1909
1927
348
4408
2080
1429
2645
3223
1216
502
4847
4386
3611
3882
4276
3867
296
4935
4284
4989
425
979
674
2755
4251
4564
259
2235
3957
1493
3306
3977
182
193
1221
510
3226
1453
295
130
1362
592
3402
4913
3552
4136
845
4574
575
1232
4638
1640
1896
3495
3621
3664
3407
618
3357
2898
952
2305
2090
134
1521
3833
691
1488
92
151
3545
1049
653
453
1473
316
2742
4953
3534
4599
428
1282
2351
558
729
3818
3650
2991
467
693
2909
740
1588
4152
977
308
4931
2282
1506
3321
440
2202
792
597
2776
1436
776
4157
4621
2119
1828
4872
3660
2031
2960
2250
832
1233
2084
4942
1569
3239
1613
2572
3656
2360
3146
4413
3947
902
2430
3600
2866
2508
4245
1785
2606
91
918
1807
3447
3413
1772
2130
50
902
2795
3160
4348
457
4473
3565
2194
2980
404
2277
3348
903
4896
1699
3730
2515
2210
3930
1731
2330
3738
1774
36
1222
235
3656
3293
1630
460
2571
2294
1928
116
3733
1544
2402
707
271
205
2971
195
1573
4022
4343
2631
1547
4741
157
1369
499
4905
3214
3396
4161
3958
1853
1442
1281
2001
1526
3289
1217
1901
3328
1853
2614
5000
245
3519
127
4764
4348
874
1891
4654
4156
2686
2736
1585
1107
408
3140
2603
1471
1365
4220
1856
3309
2862
764
652
1768
597
898
2445
3782
95
1043
361
833
445
2583
2538
3348
3519
4996
4311
3542
2174
201
513
4235
2791
1280
1821
1303
4643
2267
4578
1026
3798
1215
3790
4952
1089
1627
1114
4309
981
633
2744
4444
3699
2456
3896
2294
2977
2780
3875
662
4608
2896
1315
1478
2481
2557
989
4798
1756
4136
3156
3900
3202
4241
3774
391
1181
4401
4944
2324
4116
987
3181
2551
828
2941
378
73
2332
1681
2952
2803
4933
2814
1835
1769
4362
4969
3005
631
1697
644
945
1423
4269
101
1429
4744
1528
2890
3826
2087
3081
4270
3867
4554
4321
3813
4379
4244
1987
1348
3815
4701
290
382
318
4687
2988
2409
1149
4236
2580
221
2194
2830
2906
4113
2536
4362
4246
2396
466
3669
240
3260
3117
1780
4916
3092
4509
1545
4721
1486
1118
1068
3321
81
2107
3390
804
4173
2496
2837
2298
1017
4213
4130
428
4158
2053
3234
2923
530
4085
1433
1497
597
3384
3003
2361
3191
3400
368
3710
3759
2747
3296
3391
3046
4016
3675
488
740
1824
283
3652
2604
3754
3326
923
3123
3476
4131
1496
1394
2151
4051
94
4199
3944
2610
3397
4202
1086
4287
1721
4465
3094
710
1096
3869
3700
443
580
1364
4785
4723
2984
3388
1374
4522
4210
4155
1871
613
2707
3309
912
1419
2931
608
3574
2291
1582
413
741
768
3179
4222
2062
2407
889
424
2480
4074
1513
631
4065
2471
3991
3756
4528
3978
2140
4374
695
3169
4167
3035
1081
942
404
4105
4415
2229
3360
3076
232
4428
2328
3618
2258
240
99
1789
3676
4429
4178
269
676
1443
4122
4833
4821
1260
1187
1146
2677
596
4160
535
1153
4937
4810
1642
2816
2179
4388
1533
4308
4240
4330
4072
542
2670
1563
4534
3169
3360
560
4468
3480
3751
1160
2393
4292
2782
2190
4354
4859
3663
3727
3748
2964
2344
270
104
1700
1117
208
3596
47
4110
755
270
1548
2546
1581
1790
3533
1168
1506
1940
2056
3563
1765
1099
4950
1769
2630
2064
1308
2977
4608
4970
1671
941
4852
3703
3613
3573
150
2433
3279
2775
2683
4350
3577
476
240
3890
1281
3491
904
1795
3945
2805
1760
3793
191
146
2419
2216
4938
2838
4076
1161
1736
4679
101
276
2731
4354
2945
4498
4817
4030
2541
1460
3457
4357
1415
4574
4808
4265
2244
1081
3540
4897
1179
1614
1155
2811
1819
3634
3220
2478
1141
4077
437
1065
1873
4267
379
2046
3913
3508
3934
3119
1883
1619
4395
199
92
1387
4942
3866
2803
1758
3763
742
711
4195
3624
4211
4127
2531
2708
3451
4091
3348
3613
1026
3755
3365
2116
2899
1742
3463
1780
4344
3082
1024
116
944
1128
1599
1082
971
4494
1885
2420
2837
1038
4784
4574
4395
4260
4990
2054
4516
3820
4204
4207
1920
4603
2383
2670
1813
3353
1198
2972
442
2085
1065
528
1804
3848
3095
3144
4694
1185
216
1104
1239
2499
4165
900
660
4101
3342
317
4693
3969
4881
3945
1512
924
3013
691
1426
4492
3087
2586
4624
4763
4567
3034
4439
1348
1372
4538
803
2631
3045
4092
1370
3769
179
3017
1900
376
1261
4887
4834
3913
2026
316
2105
921
517
1439
3918
493
1121
3478
4270
4405
249
4033
3591
4269
1659
2301
3579
1394
627
4701
3154
2788
663
2285
2010
2575
337
3076
2738
1792
2464
103
1866
215
2836
1994
444
2599
4807
1808
1952
3719
3194
1462
206
2182
3155
2263
4364
3477
4023
797
516
1631
4367
687
1486
589
2024
572
2832
4788
1748
4978
1425
4412
1633
254
2762
448
4192
1677
4998
2596
3415
2389
221
4244
1014
1353
3415
4096
4420
1344
4795
2621
1423
2693
2651
4730
4833
3058
4763
2346
2119
2928
1489
491
1033
937
302
14
1176
2087
4471
3347
774
755
3578
4965
4192
4385
2513
2739
4829
633
2618
4350
2903
4475
1782
457
3723
273
449
3385
2306
641
3833
1349
404
4211
3825
332
608
631
1542
2865
4664
796
1175
4539
2024
4840
3661
4865
3454
2909
4158
1596
2948
2896
927
2795
1271
291
3244
2964
1995
2578
848
3544
3624
1982
3755
601
2401
3835
625
4408
3577
1620
2075
1523
4519
284
795
533
1370
1291
128
846
4212
1118
1676
55
3340
3143
1305
2641
4107
730
4816
2127
403
4194
1689
337
2051
1693
821
15
1445
916
4244
45
3419
3938
2547
4520
4353
331
813
101
1130
485
4909
769
3958
4798
2016
2626
2271
2348
1770
609
4730
1726
2877
80
2935
1377
4639
2530
2885
4749
817
350
4197
4350
1865
4215
676
3259
1802
1086
3015
1269
4782
62
1624
263
3553
186
123
1041
616
4601
415
2343
4579
758
1822
1083
4104
2011
3756
4662
4128
3055
1443
4925
4754
1100
3794
3120
3873
1632
1820
1060
4188
3976
246
4530
2855
4016
211
3450
2955
4685
4930
2707
4176
4068
1074
2557
503
2910
103
2835
4516
3204
1426
2291
1841
394
2698
835
930
2570
2340
3111
88
1427
4766
2880
4342
1195
669
3864
1840
821
141
920
1440
4345
4358
918
4329
3920
4834
827
2684
1480
4995
4508
1770
4401
1854
1613
2880
3621
1927
4358
3350
1759
1932
4116
1830
2758
947
3069
3028
4934
3369
2795
4706
4088
757
1979
4464
4280
4207
4876
725
183
2122
218
2572
4835
2235
129
4582
4762
519
1553
2432
1048
110
1666
4870
4665
2714
3086
871
565
1039
4771
4435
4085
3053
1952
1147
564
190
1278
2408
305
1858
2921
3390
966
4428
4797
3759
4380
4095
4787
2888
3422
1722
916
995
2656
1390
2477
3450
294
3568
4582
1060
4218
4903
2110
4100
1723
2350
3963
2577
1794
3365
1507
2361
4817
1794
1649
3705
2244
2070
4487
1766
3143
1865
275
526
3445
1008
3894
1350
3179
2638
1771
4264
2236
1562
2431
2167
1489
3384
4985
161
2599
2717
4689
3352
306
257
3835
4987
1843
2446
748
3335
1957
4481
3398
1272
141
1109
3124
3755
73
4735
1052
2178
2519
4695
4682
370
1646
4507
3704
818
3899
2453
692
3773
2129
408
1980
1816
1280
2342
786
86
1492
4152
4078
4845
4022
797
1495
4851
4885
4200
1931
3134
1214
4286
4213
2738
3466
1968
2804
548
1757
1716
3242
4181
1991
3732
1524
2742
2490
701
3027
1784
4832
2346
334
1502
4044
2129
1963
4134
803
4545
576
634
892
2054
2674
645
665
2536
4585
1141
223
1264
4342
426
1545
4930
2110
4651
4112
1617
2142
3900
713
3217
324
4533
4456
35
4354
4288
4551
1817
820
1746
2178
2655
1785
2544
4139
1451
1667
1449
4901
1790
769
1622
1418
3255
1129
3897
1050
2095
1449
4683
526
548
4676
2112
1384
2704
1200
340
2491
3359
4308
437
1729
4195
2034
4296
3067
1791
4086
1606
471
376
1661
3975
3827
4415
1415
2416
4466
2191
232
930
754
387
4685
2396
4163
1674
58
545
4328
842
3568
4558
3074
1634
3184
4530
1499
4498
579
3604
4752
3799
1694
803
3316
2075
2248
1120
2724
3396
4047
3807
586
379
948
2777
2147
4146
2926
4744
410
71
