917 2767 1093
693
3281
905
536
2049
3943
991
1717
4313
4057
598
4218
1970
3445
3335
4764
4118
3768
201
127
1124
964
2296
1848
1351
2505
4291
3233
3442
4063
352
1377
1262
4653
152
1111
741
581
800
483
821
4905
2593
3455
1300
4692
566
2163
3219
2412
4702
2756
3736
1829
4627
1000
2164
3707
1489
596
2976
1120
2849
51
1372
2117
4747
82
3717
4248
3617
2292
603
2196
4053
4885
1603
874
804
4437
2555
4972
4576
3713
1677
1597
33
3389
659
4688
3544
1413
4814
3979
4375
2080
2331
2096
2535
2152
3797
4474
2347
4372
2074
4896
2890
472
2562
590
5
4136
4745
1839
1685
4322
2619
916
160
468
1194
577
481
1808
4354
51
211
2622
3660
2334
3082
3108
1172
888
4487
2590
3318
3149
916
2818
3768
2464
1165
1424
828
2723
2749
3710
4500
1715
1825
3964
4014
1860
3487
533
4798
1590
4535
370
1131
2154
2237
1082
2761
3146
1049
3098
3746
4734
2147
2851
2419
1611
4444
544
4505
3543
458
4297
2957
3660
3965
679
1462
1397
3697
421
4864
4831
390
92
1691
1732
3749
4424
4169
3530
1880
3379
57
4404
4425
4271
437
4027
1644
1751
1136
2192
1314
133
1567
4269
2350
2853
2773
2139
765
4802
2790
614
4249
3423
1893
3666
2804
4169
1043
206
3802
1362
3459
2571
4972
3468
2003
1109
4862
4365
4321
1847
1085
100
1624
3300
4079
3745
3196
4684
1415
3558
4924
792
208
3533
859
2309
4288
2847
2291
537
4036
3300
2681
831
4341
3052
850
245
504
2111
4146
1707
4405
1327
3299
3928
3074
246
358
3357
3140
4875
1447
3666
3366
2795
3046
3156
2122
2138
4534
1710
2821
3660
999
189
4406
3348
4
4189
4360
1973
1055
4383
4101
1094
716
2839
1417
4661
3609
3611
1593
3532
2629
2280
4071
2310
2840
4756
3299
4891
3669
3279
2924
3862
2729
4630
2558
4696
596
2128
1977
4816
799
3499
4493
470
900
1611
3358
645
2190
4565
2148
2897
3056
4883
2218
931
1188
1883
4350
1720
139
725
467
1857
3041
4811
3063
3643
4776
1287
4657
2650
2530
434
4038
960
3901
3339
767
582
3318
673
1984
3113
2872
1680
1614
3676
2928
48
4070
3391
53
1373
2131
3747
4215
1295
1640
4330
1157
4155
2528
3768
4553
3958
982
920
2158
2115
3087
3518
2993
4807
2311
1094
318
2215
4836
111
1904
1121
459
2360
772
701
2740
2320
583
4016
1873
1114
3709
1612
773
4353
3541
3707
3199
135
141
2392
4295
2188
688
4566
740
3378
4088
3241
645
320
2572
327
3147
1430
604
532
4482
293
2744
4274
2089
1367
3297
3219
22
1296
3558
566
3516
4516
4117
3489
2917
749
908
3564
2010
212
1072
3060
4934
2661
4916
3879
968
2736
1918
416
4896
1351
3064
4867
1904
1704
2421
1801
1445
1511
2539
4838
3426
630
4560
4199
3536
1865
4324
676
3707
4643
4494
1487
2407
3380
3550
4667
1075
1860
790
718
1202
4392
1758
4169
1854
3576
4808
3268
199
2432
4158
2947
3065
301
4458
2943
682
2182
3724
3201
3749
731
1909
2383
488
1715
4800
2482
2579
341
61
545
3144
992
1985
4604
1215
535
1225
189
3580
3979
3975
1045
1496
4177
3834
93
4308
3119
2241
2684
2365
2473
1262
1034
2118
4429
2901
1178
1686
4256
1529
2871
3764
1703
1284
2376
2370
3206
3337
3019
2051
956
811
830
510
1032
16
3432
595
2398
2171
2822
3626
450
263
2774
241
4346
603
709
53
2258
1003
1377
3278
1309
1726
3752
4983
3041
4965
1984
1568
3382
2194
109
268
4083
1926
53
570
1410
1489
1569
130
3183
4612
2163
2473
126
396
4944
1604
4686
4379
2580
4864
3895
1840
1368
2226
4733
2496
2329
1505
4150
495
832
3222
4051
4627
2352
1549
934
1394
3646
1132
3582
975
607
4913
4283
154
2670
267
4424
919
3199
3806
1571
1225
2248
3546
1738
959
4108
2375
4352
3756
268
2428
665
1974
2133
4852
1697
2882
4634
2177
1955
1992
3137
3155
284
1197
1970
3188
3166
3295
4214
2937
946
3601
2580
1435
4582
2646
4864
2518
3780
76
1372
1660
3189
1464
2865
4248
4965
2945
2500
370
1106
4470
2572
1799
2795
1648
3749
2932
630
2772
1318
2008
3192
2765
3997
3590
1108
53
4832
3561
3315
4210
3612
4414
3762
4445
4006
4932
3479
2388
674
3495
472
336
3674
2501
420
4056
3580
2996
4363
3079
8
931
2759
262
4780
2377
3194
574
1231
3025
1547
201
561
863
2334
1374
1894
473
4446
2124
1527
535
763
2332
2707
510
1407
2477
2593
3296
4079
1230
2935
1568
3306
3631
3528
2870
4047
2953
978
3791
2759
101
2500
175
67
4578
2667
1234
2518
3799
298
1482
2017
1406
2998
3052
2879
3625
4193
4365
2053
4632
2514
4759
2772
1601
1542
767
4886
3594
3744
179
1240
307
4981
4321
249
3784
2750
2961
3523
4199
3941
3970
4342
1403
2751
2646
2827
1174
1716
1283
840
2836
2804
1930
861
1453
3212
862
4010
1158
3292
4082
3239
2908
3835
4987
1684
1115
815
933
4768
3738
1415
1029
1475
1615
1000
4398
396
3462
745
2051
2021
1868
4142
110
2457
2637
4718
961
1288
716
928
1969
2054
3805
4674
891
2122
1335
